 -4.63787500e-02
 -6.95110668e-02
 -7.79069622e-02
 -7.44268051e-02
 -6.18404927e-02
 -4.38116388e-02
 -2.47025187e-02
 -8.90514940e-03
 -6.95110668e-02
 -1.18283362e-01
 -1.43072614e-01
 -1.45210941e-01
 -1.27955405e-01
 -9.68921243e-02
 -5.96282375e-02
 -2.47025187e-02
 -7.79069622e-02
 -1.43072614e-01
 -1.84680263e-01
 -1.98162517e-01
 -1.84094067e-01
 -1.47421648e-01
 -9.68921243e-02
 -4.38116388e-02
 -7.44268051e-02
 -1.45210941e-01
 -1.98162517e-01
 -2.23837301e-01
 -2.18494181e-01
 -1.84094067e-01
 -1.27955405e-01
 -6.18404927e-02
 -6.18404927e-02
 -1.27955405e-01
 -1.84094067e-01
 -2.18494181e-01
 -2.23837301e-01
 -1.98162517e-01
 -1.45210941e-01
 -7.44268051e-02
 -4.38116388e-02
 -9.68921243e-02
 -1.47421648e-01
 -1.84094067e-01
 -1.98162517e-01
 -1.84680263e-01
 -1.43072614e-01
 -7.79069622e-02
 -2.47025187e-02
 -5.96282375e-02
 -9.68921243e-02
 -1.27955405e-01
 -1.45210941e-01
 -1.43072614e-01
 -1.18283362e-01
 -6.95110668e-02
 -8.90514940e-03
 -2.47025187e-02
 -4.38116388e-02
 -6.18404927e-02
 -7.44268051e-02
 -7.79069622e-02
 -6.95110668e-02
 -4.63787500e-02
 -1.47274979e-17
 -2.72861787e-02
 -6.90910297e-02
 -1.05853599e-01
 -1.20372271e-01
 -1.05853599e-01
 -6.90910297e-02
 -2.72861787e-02
 2.72861787e-02
 3.89649534e-17
 -6.90910297e-02
 -1.47658450e-01
 -1.98939691e-01
 -1.98939691e-01
 -1.47658450e-01
 -6.90910297e-02
 6.90910297e-02
 6.90910297e-02
 7.38550134e-17
 -1.05853599e-01
 -1.98939691e-01
 -2.35702260e-01
 -1.98939691e-01
 -1.05853599e-01
 1.05853599e-01
 1.47658450e-01
 1.05853599e-01
 4.98186714e-17
 -1.20372271e-01
 -1.98939691e-01
 -1.98939691e-01
 -1.20372271e-01
 1.20372271e-01
 1.98939691e-01
 1.98939691e-01
 1.20372271e-01
 1.25561857e-16
 -1.05853599e-01
 -1.47658450e-01
 -1.05853599e-01
 1.05853599e-01
 1.98939691e-01
 2.35702260e-01
 1.98939691e-01
 1.05853599e-01
 7.83533815e-17
 -6.90910297e-02
 -6.90910297e-02
 6.90910297e-02
 1.47658450e-01
 1.98939691e-01
 1.98939691e-01
 1.47658450e-01
 6.90910297e-02
 -4.01650107e-17
 -2.72861787e-02
 2.72861787e-02
 6.90910297e-02
 1.05853599e-01
 1.20372271e-01
 1.05853599e-01
 6.90910297e-02
 2.72861787e-02
 2.45450384e-17
 1.14759724e-01
 1.52774674e-01
 1.36410260e-01
 9.18643190e-02
 4.60943923e-02
 1.56935011e-02
 2.73163202e-03
 3.23544309e-16
 1.52774674e-01
 2.38997103e-01
 2.34764132e-01
 1.67877300e-01
 8.55234955e-02
 2.56412195e-02
 9.85680319e-16
 -2.73163202e-03
 1.36410260e-01
 2.34764132e-01
 2.44227996e-01
 1.73692124e-01
 7.43403709e-02
 1.79127654e-15
 -2.56412195e-02
 -1.56935011e-02
 9.18643190e-02
 1.67877300e-01
 1.73692124e-01
 1.02976827e-01
 1.10963753e-15
 -7.43403709e-02
 -8.55234955e-02
 -4.60943923e-02
 4.60943923e-02
 8.55234955e-02
 7.43403709e-02
 1.02272334e-15
 -1.02976827e-01
 -1.73692124e-01
 -1.67877300e-01
 -9.18643190e-02
 1.56935011e-02
 2.56412195e-02
 1.84694955e-15
 -7.43403709e-02
 -1.73692124e-01
 -2.44227996e-01
 -2.34764132e-01
 -1.36410260e-01
 2.73163202e-03
 8.22439638e-16
 -2.56412195e-02
 -8.55234955e-02
 -1.67877300e-01
 -2.34764132e-01
 -2.38997103e-01
 -1.52774674e-01
 3.76237904e-16
 -2.73163202e-03
 -1.56935011e-02
 -4.60943923e-02
 -9.18643190e-02
 -1.36410260e-01
 -1.52774674e-01
 -1.14759724e-01
 5.51403028e-02
 6.59252767e-02
 2.43423468e-02
 -5.53860195e-02
 -1.31903450e-01
 -1.60846243e-01
 -1.26572196e-01
 -5.56894922e-02
 6.59252767e-02
 1.18797421e-01
 1.01392515e-01
 -1.28022294e-03
 -1.42923589e-01
 -2.40429769e-01
 -2.32243728e-01
 -1.26572196e-01
 2.43423468e-02
 1.01392515e-01
 1.50234444e-01
 1.02874622e-01
 -3.61193082e-02
 -1.84560436e-01
 -2.40429769e-01
 -1.60846243e-01
 -5.53860195e-02
 -1.28022294e-03
 1.02874622e-01
 1.55580029e-01
 9.78235562e-02
 -3.61193082e-02
 -1.42923589e-01
 -1.31903450e-01
 -1.31903450e-01
 -1.42923589e-01
 -3.61193082e-02
 9.78235562e-02
 1.55580029e-01
 1.02874622e-01
 -1.28022294e-03
 -5.53860195e-02
 -1.60846243e-01
 -2.40429769e-01
 -1.84560436e-01
 -3.61193082e-02
 1.02874622e-01
 1.50234444e-01
 1.01392515e-01
 2.43423468e-02
 -1.26572196e-01
 -2.32243728e-01
 -2.40429769e-01
 -1.42923589e-01
 -1.28022294e-03
 1.01392515e-01
 1.18797421e-01
 6.59252767e-02
 -5.56894922e-02
 -1.26572196e-01
 -1.60846243e-01
 -1.31903450e-01
 -5.53860195e-02
 2.43423468e-02
 6.59252767e-02
 5.51403028e-02
 -3.85665420e-17
 8.88963506e-02
 1.70151106e-01
 1.44827641e-01
 1.42911503e-02
 -1.18100517e-01
 -1.49959565e-01
 -7.95684647e-02
 -8.88963506e-02
 -4.95284371e-17
 1.79439700e-01
 2.55966840e-01
 1.29135227e-01
 -9.96614530e-02
 -2.29108263e-01
 -1.62948710e-01
 -1.70151106e-01
 -1.79439700e-01
 1.01120061e-17
 1.90644250e-01
 1.92408684e-01
 -2.00518957e-16
 -1.88142885e-01
 -1.82170340e-01
 -1.44827641e-01
 -2.55966840e-01
 -1.90644250e-01
 1.12083515e-16
 1.21905960e-01
 5.90076578e-02
 -9.27472307e-02
 -1.36197111e-01
 -1.42911503e-02
 -1.29135227e-01
 -1.92408684e-01
 -1.21905960e-01
 -5.11937389e-18
 3.73426991e-02
 -2.68585769e-02
 -7.25437337e-02
 1.18100517e-01
 9.96614530e-02
 1.38270082e-16
 -5.90076578e-02
 -3.73426991e-02
 4.94757953e-17
 -7.20239558e-03
 -2.94801355e-02
 1.49959565e-01
 2.29108263e-01
 1.88142885e-01
 9.27472307e-02
 2.68585769e-02
 7.20239558e-03
 -2.33984461e-17
 -9.32788587e-03
 7.95684647e-02
 1.62948710e-01
 1.82170340e-01
 1.36197111e-01
 7.25437337e-02
 2.94801355e-02
 9.32788587e-03
 -2.16877102e-18
 -1.62034072e-16
 -4.05534171e-02
 -8.99201768e-02
 -1.26735912e-01
 -1.49015878e-01
 -1.51951653e-01
 -1.20619923e-01
 -5.67097893e-02
 4.05534171e-02
 -1.04965121e-16
 -6.95588310e-02
 -1.16768911e-01
 -1.42692432e-01
 -1.64634844e-01
 -1.63289330e-01
 -1.02395092e-01
 8.99201768e-02
 6.95588310e-02
 6.43809547e-17
 -2.63022209e-02
 -3.99192813e-03
 3.00751330e-16
 -4.04881709e-02
 -6.20564602e-02
 1.26735912e-01
 1.16768911e-01
 2.63022209e-02
 1.83019313e-16
 8.68844380e-02
 1.83180603e-01
 1.68626772e-01
 6.21314396e-02
 1.49015878e-01
 1.42692432e-01
 3.99192813e-03
 -8.68844380e-02
 2.75286835e-17
 1.88792372e-01
 2.80058241e-01
 1.78253874e-01
 1.51951653e-01
 1.64634844e-01
 -2.49922987e-16
 -1.83180603e-01
 -1.88792372e-01
 -2.65592290e-16
 1.92315269e-01
 1.90178754e-01
 1.20619923e-01
 1.63289330e-01
 4.04881709e-02
 -1.68626772e-01
 -2.80058241e-01
 -1.92315269e-01
 -1.64087225e-16
 9.72632064e-02
 5.67097893e-02
 1.02395092e-01
 6.20564602e-02
 -6.21314396e-02
 -1.78253874e-01
 -1.90178754e-01
 -9.72632064e-02
 -1.74973564e-16
 1.94598383e-01
 2.14014938e-01
 1.27151955e-01
 4.55348506e-02
 3.06203074e-02
 5.72980199e-02
 6.62098625e-02
 3.60561022e-02
 2.14014938e-01
 2.86652600e-01
 1.77588822e-01
 2.98399553e-02
 -2.03808189e-02
 3.00041607e-02
 8.35985109e-02
 6.62098625e-02
 1.27151955e-01
 1.77588822e-01
 7.49551051e-02
 -8.04014316e-02
 -1.39903087e-01
 -7.09468295e-02
 3.00041607e-02
 5.72980199e-02
 4.55348506e-02
 2.98399553e-02
 -8.04014316e-02
 -2.05747087e-01
 -2.32016193e-01
 -1.39903087e-01
 -2.03808189e-02
 3.06203074e-02
 3.06203074e-02
 -2.03808189e-02
 -1.39903087e-01
 -2.32016193e-01
 -2.05747087e-01
 -8.04014316e-02
 2.98399553e-02
 4.55348506e-02
 5.72980199e-02
 3.00041607e-02
 -7.09468295e-02
 -1.39903087e-01
 -8.04014316e-02
 7.49551051e-02
 1.77588822e-01
 1.27151955e-01
 6.62098625e-02
 8.35985109e-02
 3.00041607e-02
 -2.03808189e-02
 2.98399553e-02
 1.77588822e-01
 2.86652600e-01
 2.14014938e-01
 3.60561022e-02
 6.62098625e-02
 5.72980199e-02
 3.06203074e-02
 4.55348506e-02
 1.27151955e-01
 2.14014938e-01
 1.94598383e-01
 -4.84852554e-03
 -1.95618954e-02
 -8.12235366e-02
 -1.22400315e-01
 -3.66019187e-02
 1.43272186e-01
 2.37636419e-01
 1.46117388e-01
 -1.95618954e-02
 2.33530977e-02
 -9.09585784e-04
 -1.21322229e-01
 -1.58981148e-01
 1.90550137e-02
 2.45928800e-01
 2.37636419e-01
 -8.12235366e-02
 -9.09585784e-04
 1.21751599e-01
 7.40443742e-02
 -1.05151954e-01
 -1.50693106e-01
 1.90550137e-02
 1.43272186e-01
 -1.22400315e-01
 -1.21322229e-01
 7.40443742e-02
 2.26396094e-01
 1.20078596e-01
 -1.05151954e-01
 -1.58981148e-01
 -3.66019187e-02
 -3.66019187e-02
 -1.58981148e-01
 -1.05151954e-01
 1.20078596e-01
 2.26396094e-01
 7.40443742e-02
 -1.21322229e-01
 -1.22400315e-01
 1.43272186e-01
 1.90550137e-02
 -1.50693106e-01
 -1.05151954e-01
 7.40443742e-02
 1.21751599e-01
 -9.09585784e-04
 -8.12235366e-02
 2.37636419e-01
 2.45928800e-01
 1.90550137e-02
 -1.58981148e-01
 -1.21322229e-01
 -9.09585784e-04
 2.33530977e-02
 -1.95618954e-02
 1.46117388e-01
 2.37636419e-01
 1.43272186e-01
 -3.66019187e-02
 -1.22400315e-01
 -8.12235366e-02
 -1.95618954e-02
 -4.84852554e-03
 1.36154792e-01
 1.18407484e-01
 -4.03681338e-02
 -1.90363903e-01
 -2.03500278e-01
 -1.10235457e-01
 -2.59586247e-02
 1.20890067e-15
 1.18407484e-01
 2.05222880e-01
 8.34102011e-02
 -1.42512284e-01
 -2.31651537e-01
 -1.28429671e-01
 1.41657451e-15
 2.59586247e-02
 -4.03681338e-02
 8.34102011e-02
 1.26482975e-01
 3.56522865e-03
 -8.72698313e-02
 -8.76107353e-16
 1.28429671e-01
 1.10235457e-01
 -1.90363903e-01
 -1.42512284e-01
 3.56522865e-03
 3.14637506e-02
 -5.93483799e-16
 8.72698313e-02
 2.31651537e-01
 2.03500278e-01
 -2.03500278e-01
 -2.31651537e-01
 -8.72698313e-02
 -5.67126675e-16
 -3.14637506e-02
 -3.56522865e-03
 1.42512284e-01
 1.90363903e-01
 -1.10235457e-01
 -1.28429671e-01
 -5.83865740e-16
 8.72698313e-02
 -3.56522865e-03
 -1.26482975e-01
 -8.34102011e-02
 4.03681338e-02
 -2.59586247e-02
 1.22718642e-15
 1.28429671e-01
 2.31651537e-01
 1.42512284e-01
 -8.34102011e-02
 -2.05222880e-01
 -1.18407484e-01
 1.19403609e-15
 2.59586247e-02
 1.10235457e-01
 2.03500278e-01
 1.90363903e-01
 4.03681338e-02
 -1.18407484e-01
 -1.36154792e-01
 1.36808526e-16
 -1.47658450e-01
 -1.98939691e-01
 -6.90910297e-02
 2.72861787e-02
 -6.90910297e-02
 -1.98939691e-01
 -1.47658450e-01
 1.47658450e-01
 1.24896702e-16
 -1.98939691e-01
 -1.20372271e-01
 1.05853599e-01
 1.05853599e-01
 -1.20372271e-01
 -1.98939691e-01
 1.98939691e-01
 1.98939691e-01
 -3.00608605e-16
 -6.90910297e-02
 1.05853599e-01
 2.35702260e-01
 1.05853599e-01
 -6.90910297e-02
 6.90910297e-02
 1.20372271e-01
 6.90910297e-02
 -1.65767736e-16
 2.72861787e-02
 1.05853599e-01
 1.05853599e-01
 2.72861787e-02
 -2.72861787e-02
 -1.05853599e-01
 -1.05853599e-01
 -2.72861787e-02
 -8.36157044e-17
 -6.90910297e-02
 -1.20372271e-01
 -6.90910297e-02
 6.90910297e-02
 -1.05853599e-01
 -2.35702260e-01
 -1.05853599e-01
 6.90910297e-02
 4.15113907e-17
 -1.98939691e-01
 -1.98939691e-01
 1.98939691e-01
 1.20372271e-01
 -1.05853599e-01
 -1.05853599e-01
 1.20372271e-01
 1.98939691e-01
 -9.28720805e-17
 -1.47658450e-01
 1.47658450e-01
 1.98939691e-01
 6.90910297e-02
 -2.72861787e-02
 6.90910297e-02
 1.98939691e-01
 1.47658450e-01
 -1.09546771e-16
 -2.72416036e-16
 -4.08959904e-02
 -1.03461906e-01
 -1.89981259e-01
 -1.95952474e-01
 -2.50509422e-02
 1.65285125e-01
 1.45160124e-01
 4.08959904e-02
 -2.56758109e-16
 2.72955408e-03
 -2.66929620e-02
 -1.41842176e-01
 -1.25783050e-01
 9.47465419e-02
 1.92263879e-01
 1.03461906e-01
 -2.72955408e-03
 1.74320634e-16
 1.77774119e-01
 1.89033295e-01
 -4.51833872e-16
 -4.17216022e-02
 6.83801283e-02
 1.89981259e-01
 2.66929620e-02
 -1.77774119e-01
 1.99170439e-16
 2.72811794e-01
 1.83563778e-01
 -6.32502447e-02
 -7.68593207e-02
 1.95952474e-01
 1.41842176e-01
 -1.89033295e-01
 -2.72811794e-01
 -7.06443796e-17
 1.21601130e-01
 -6.80535800e-02
 -1.52723176e-01
 2.50509422e-02
 1.25783050e-01
 1.66917395e-16
 -1.83563778e-01
 -1.21601130e-01
 -7.53011438e-17
 -8.88019733e-02
 -1.68014679e-01
 -1.65285125e-01
 -9.47465419e-02
 4.17216022e-02
 6.32502447e-02
 6.80535800e-02
 8.88019733e-02
 -7.36951847e-17
 -1.04264134e-01
 -1.45160124e-01
 -1.92263879e-01
 -6.83801283e-02
 7.68593207e-02
 1.52723176e-01
 1.68014679e-01
 1.04264134e-01
 -5.74734484e-18
 3.70971777e-16
 1.44005162e-01
 1.62273445e-01
 -3.07271599e-02
 -2.01882713e-01
 -1.90812702e-01
 -9.85792291e-02
 -3.65856145e-02
 -1.44005162e-01
 2.96518521e-16
 1.92430732e-01
 9.39926942e-02
 -1.30068575e-01
 -1.45655969e-01
 -2.38795639e-02
 8.46391587e-03
 -1.62273445e-01
 -1.92430732e-01
 -4.72093178e-16
 7.37115987e-02
 -3.61033319e-02
 -1.55523312e-15
 1.87873215e-01
 1.79892176e-01
 3.07271599e-02
 -9.39926942e-02
 -7.37115987e-02
 -4.05633438e-16
 -6.87584639e-02
 -5.78046402e-02
 1.81759301e-01
 2.70641176e-01
 2.01882713e-01
 1.30068575e-01
 3.61033319e-02
 6.87584639e-02
 3.09598166e-16
 -1.49165016e-01
 -7.01131303e-02
 1.17101103e-01
 1.90812702e-01
 1.45655969e-01
 1.36288469e-15
 5.78046402e-02
 1.49165016e-01
 3.54091218e-16
 -1.70737361e-01
 -9.38515028e-02
 9.85792291e-02
 2.38795639e-02
 -1.87873215e-01
 -1.81759301e-01
 7.01131303e-02
 1.70737361e-01
 -3.98208823e-16
 -1.07419548e-01
 3.65856145e-02
 -8.46391587e-03
 -1.79892176e-01
 -2.70641176e-01
 -1.17101103e-01
 9.38515028e-02
 1.07419548e-01
 -4.35434730e-16
 -2.62904393e-01
 -2.20211296e-01
 -8.75194956e-02
 -6.50601097e-02
 -9.78356828e-02
 -7.53449136e-02
 -2.21618599e-02
 -6.97664969e-16
 -2.20211296e-01
 -1.90483775e-01
 1.24543084e-02
 6.27916721e-02
 -3.35648752e-02
 -6.08118577e-02
 -1.79771596e-16
 2.21618599e-02
 -8.75194956e-02
 1.24543084e-02
 2.21303808e-01
 2.44006386e-01
 8.03684711e-02
 9.98082125e-16
 6.08118577e-02
 7.53449136e-02
 -6.50601097e-02
 6.27916721e-02
 2.44006386e-01
 2.08637503e-01
 -6.97691762e-17
 -8.03684711e-02
 3.35648752e-02
 9.78356828e-02
 -9.78356828e-02
 -3.35648752e-02
 8.03684711e-02
 3.72485340e-16
 -2.08637503e-01
 -2.44006386e-01
 -6.27916721e-02
 6.50601097e-02
 -7.53449136e-02
 -6.08118577e-02
 8.77147070e-16
 -8.03684711e-02
 -2.44006386e-01
 -2.21303808e-01
 -1.24543084e-02
 8.75194956e-02
 -2.21618599e-02
 -2.10112546e-17
 6.08118577e-02
 3.35648752e-02
 -6.27916721e-02
 -1.24543084e-02
 1.90483775e-01
 2.20211296e-01
 -2.31057996e-17
 2.21618599e-02
 7.53449136e-02
 9.78356828e-02
 6.50601097e-02
 8.75194956e-02
 2.20211296e-01
 2.62904393e-01
 1.71015056e-01
 8.25775630e-02
 -1.56100084e-01
 -1.69964362e-01
 1.33616426e-02
 2.64867700e-03
 -1.98429898e-01
 -1.98410322e-01
 8.25775630e-02
 1.76908734e-01
 -2.66522857e-02
 -1.98191887e-01
 9.68063636e-04
 1.93073543e-01
 -2.70741087e-03
 -1.98429898e-01
 -1.56100084e-01
 -2.66522857e-02
 7.09867678e-02
 -2.94909257e-02
 -1.51832900e-02
 1.78840671e-01
 1.93073543e-01
 2.64867700e-03
 -1.69964362e-01
 -1.98191887e-01
 -2.94909257e-02
 7.73652322e-02
 3.26877913e-02
 -1.51832900e-02
 9.68063636e-04
 1.33616426e-02
 1.33616426e-02
 9.68063636e-04
 -1.51832900e-02
 3.26877913e-02
 7.73652322e-02
 -2.94909257e-02
 -1.98191887e-01
 -1.69964362e-01
 2.64867700e-03
 1.93073543e-01
 1.78840671e-01
 -1.51832900e-02
 -2.94909257e-02
 7.09867678e-02
 -2.66522857e-02
 -1.56100084e-01
 -1.98429898e-01
 -2.70741087e-03
 1.93073543e-01
 9.68063636e-04
 -1.98191887e-01
 -2.66522857e-02
 1.76908734e-01
 8.25775630e-02
 -1.98410322e-01
 -1.98429898e-01
 2.64867700e-03
 1.33616426e-02
 -1.69964362e-01
 -1.56100084e-01
 8.25775630e-02
 1.71015056e-01
 1.65466418e-01
 9.60857835e-02
 -5.78838628e-02
 -1.46913056e-01
 -1.80536934e-01
 -6.94478724e-02
 1.59581670e-01
 1.86730650e-01
 9.60857835e-02
 9.06465713e-02
 -3.39976007e-02
 -1.41112518e-02
 1.42564539e-03
 -9.36416471e-02
 -4.10462539e-03
 1.59581670e-01
 -5.78838628e-02
 -3.39976007e-02
 -1.34708056e-01
 -3.81384866e-02
 2.51388159e-01
 1.86251468e-01
 -9.36416471e-02
 -6.94478724e-02
 -1.46913056e-01
 -1.41112518e-02
 -3.81384866e-02
 -1.76619796e-01
 4.28615678e-02
 2.51388159e-01
 1.42564539e-03
 -1.80536934e-01
 -1.80536934e-01
 1.42564539e-03
 2.51388159e-01
 4.28615678e-02
 -1.76619796e-01
 -3.81384866e-02
 -1.41112518e-02
 -1.46913056e-01
 -6.94478724e-02
 -9.36416471e-02
 1.86251468e-01
 2.51388159e-01
 -3.81384866e-02
 -1.34708056e-01
 -3.39976007e-02
 -5.78838628e-02
 1.59581670e-01
 -4.10462539e-03
 -9.36416471e-02
 1.42564539e-03
 -1.41112518e-02
 -3.39976007e-02
 9.06465713e-02
 9.60857835e-02
 1.86730650e-01
 1.59581670e-01
 -6.94478724e-02
 -1.80536934e-01
 -1.46913056e-01
 -5.78838628e-02
 9.60857835e-02
 1.65466418e-01
 -4.19192771e-02
 2.20981542e-02
 1.89178706e-01
 1.15459353e-01
 -1.73737699e-01
 -2.52859275e-01
 -9.42035623e-02
 2.25289080e-15
 2.20981542e-02
 -1.14795897e-01
 4.75372822e-03
 1.76299671e-01
 2.71360146e-03
 -1.57919157e-01
 2.23094132e-16
 9.42035623e-02
 1.89178706e-01
 4.75372822e-03
 -2.05121390e-01
 -5.96531119e-02
 4.44680242e-02
 2.46474390e-15
 1.57919157e-01
 2.52859275e-01
 1.15459353e-01
 1.76299671e-01
 -5.96531119e-02
 -1.20866585e-01
 6.39982096e-16
 -4.44680242e-02
 -2.71360146e-03
 1.73737699e-01
 -1.73737699e-01
 2.71360146e-03
 4.44680242e-02
 4.62798050e-16
 1.20866585e-01
 5.96531119e-02
 -1.76299671e-01
 -1.15459353e-01
 -2.52859275e-01
 -1.57919157e-01
 2.50727851e-15
 -4.44680242e-02
 5.96531119e-02
 2.05121390e-01
 -4.75372822e-03
 -1.89178706e-01
 -9.42035623e-02
 4.11919481e-16
 1.57919157e-01
 -2.71360146e-03
 -1.76299671e-01
 -4.75372822e-03
 1.14795897e-01
 -2.20981542e-02
 2.39051671e-15
 9.42035623e-02
 2.52859275e-01
 1.73737699e-01
 -1.15459353e-01
 -1.89178706e-01
 -2.20981542e-02
 4.19192771e-02
 -1.25085134e-16
 -6.76158499e-02
 -1.16460766e-01
 -1.46181231e-01
 -9.38801318e-02
 -5.70357213e-02
 -1.80176845e-01
 -2.02701216e-01
 6.76158499e-02
 1.02066264e-16
 3.15221671e-02
 3.59776423e-02
 -9.26867341e-03
 9.45540031e-02
 1.07855064e-01
 -7.44551293e-02
 1.16460766e-01
 -3.15221671e-02
 2.24343603e-16
 1.87696919e-01
 9.78864689e-02
 3.37210196e-16
 1.71107597e-01
 1.81492938e-01
 1.46181231e-01
 -3.59776423e-02
 -1.87696919e-01
 -3.22475923e-17
 7.03973936e-02
 -1.61838924e-01
 -1.92440472e-01
 2.34827382e-02
 9.38801318e-02
 9.26867341e-03
 -9.78864689e-02
 -7.03973936e-02
 -1.97020528e-16
 -3.53117074e-02
 -1.43832707e-01
 -1.30661198e-01
 5.70357213e-02
 -9.45540031e-02
 -2.73735788e-16
 1.61838924e-01
 3.53117074e-02
 5.68055979e-17
 1.90915896e-01
 1.48654678e-01
 1.80176845e-01
 -1.07855064e-01
 -1.71107597e-01
 1.92440472e-01
 1.43832707e-01
 -1.90915896e-01
 -1.92121986e-16
 2.70317066e-01
 2.02701216e-01
 7.44551293e-02
 -1.81492938e-01
 -2.34827382e-02
 1.30661198e-01
 -1.48654678e-01
 -2.70317066e-01
 -1.84313735e-16
 -1.27967517e-17
 -2.73097233e-01
 -1.53212033e-01
 1.25172221e-01
 -2.70861889e-02
 -1.83804144e-01
 6.76264864e-02
 1.95105660e-01
 2.73097233e-01
 1.15907451e-16
 -1.89850968e-01
 1.45312002e-01
 1.92226764e-01
 -1.67620337e-01
 -1.03813553e-01
 1.77463998e-01
 1.53212033e-01
 1.89850968e-01
 1.44485500e-16
 4.25076887e-02
 1.65696337e-01
 1.53718107e-16
 -8.80864753e-02
 6.40105492e-02
 -1.25172221e-01
 -1.45312002e-01
 -4.25076887e-02
 1.63264161e-17
 -6.77594846e-02
 -1.04140289e-01
 1.92400002e-03
 9.48456735e-02
 2.70861889e-02
 -1.92226764e-01
 -1.65696337e-01
 6.77594846e-02
 -3.08406350e-17
 -1.89182770e-01
 -4.14984490e-02
 1.41296456e-01
 1.83804144e-01
 1.67620337e-01
 -8.05145597e-17
 1.04140289e-01
 1.89182770e-01
 3.30984139e-18
 -2.42519658e-02
 1.22224481e-01
 -6.76264864e-02
 1.03813553e-01
 8.80864753e-02
 -1.92400002e-03
 4.14984490e-02
 2.42519658e-02
 2.55584806e-17
 7.79915725e-02
 -1.95105660e-01
 -1.77463998e-01
 -6.40105492e-02
 -9.48456735e-02
 -1.41296456e-01
 -1.22224481e-01
 -7.79915725e-02
 2.13255332e-17
 2.95558346e-01
 1.64740884e-01
 7.12434301e-02
 1.37962352e-01
 1.13087137e-01
 2.50883131e-02
 8.20104078e-03
 1.53360853e-02
 1.64740884e-01
 -1.33794519e-02
 -1.77230463e-01
 -4.92772828e-02
 1.24986958e-02
 -5.46016484e-02
 -3.98543521e-02
 8.20104078e-03
 7.12434301e-02
 -1.77230463e-01
 -2.84888633e-01
 -7.79885246e-02
 -1.91879894e-02
 -1.14615101e-01
 -5.46016484e-02
 2.50883131e-02
 1.37962352e-01
 -4.92772828e-02
 -7.79885246e-02
 2.19126464e-01
 2.28048474e-01
 -1.91879894e-02
 1.24986958e-02
 1.13087137e-01
 1.13087137e-01
 1.24986958e-02
 -1.91879894e-02
 2.28048474e-01
 2.19126464e-01
 -7.79885246e-02
 -4.92772828e-02
 1.37962352e-01
 2.50883131e-02
 -5.46016484e-02
 -1.14615101e-01
 -1.91879894e-02
 -7.79885246e-02
 -2.84888633e-01
 -1.77230463e-01
 7.12434301e-02
 8.20104078e-03
 -3.98543521e-02
 -5.46016484e-02
 1.24986958e-02
 -4.92772828e-02
 -1.77230463e-01
 -1.33794519e-02
 1.64740884e-01
 1.53360853e-02
 8.20104078e-03
 2.50883131e-02
 1.13087137e-01
 1.37962352e-01
 7.12434301e-02
 1.64740884e-01
 2.95558346e-01
 -4.17231033e-17
 4.11650366e-02
 -1.07696105e-01
 -2.70436076e-01
 -5.04963929e-02
 2.02402470e-01
 1.43896030e-01
 4.11650366e-02
 -4.11650366e-02
 -8.70990406e-17
 1.43896030e-01
 -9.33135624e-03
 -7.02936400e-02
 9.39214635e-02
 -9.33135624e-03
 -1.07696105e-01
 1.07696105e-01
 -1.43896030e-01
 1.50900783e-16
 2.02402470e-01
 9.39214635e-02
 8.06057084e-02
 -7.02936400e-02
 -2.70436076e-01
 2.70436076e-01
 9.33135624e-03
 -2.02402470e-01
 2.32358941e-19
 -5.04963929e-02
 -7.02936400e-02
 9.39214635e-02
 -5.04963929e-02
 5.04963929e-02
 7.02936400e-02
 -9.39214635e-02
 5.04963929e-02
 2.41470193e-17
 -2.70436076e-01
 -9.33135624e-03
 2.02402470e-01
 -2.02402470e-01
 -9.39214635e-02
 -8.06057084e-02
 7.02936400e-02
 2.70436076e-01
 1.92638427e-18
 -1.07696105e-01
 1.43896030e-01
 -1.43896030e-01
 9.33135624e-03
 7.02936400e-02
 -9.39214635e-02
 9.33135624e-03
 1.07696105e-01
 5.32021049e-17
 4.11650366e-02
 -4.11650366e-02
 1.07696105e-01
 2.70436076e-01
 5.04963929e-02
 -2.02402470e-01
 -1.43896030e-01
 -4.11650366e-02
 -1.78847963e-17
 4.56988738e-16
 1.65179923e-01
 1.03978449e-01
 -7.75778996e-02
 -2.02623172e-01
 -1.95415562e-01
 4.12783382e-02
 1.65179923e-01
 -1.65179923e-01
 1.39452800e-16
 4.12783382e-02
 -3.74432488e-02
 6.78671124e-02
 2.69425218e-02
 -3.74432488e-02
 1.03978449e-01
 -1.03978449e-01
 -4.12783382e-02
 -2.67239048e-16
 -1.95415562e-01
 2.69425218e-02
 3.23440614e-01
 6.78671124e-02
 -7.75778996e-02
 7.75778996e-02
 3.74432488e-02
 1.95415562e-01
 5.50753089e-16
 -2.02623172e-01
 6.78671124e-02
 2.69425218e-02
 -2.02623172e-01
 2.02623172e-01
 -6.78671124e-02
 -2.69425218e-02
 2.02623172e-01
 2.69975941e-16
 -7.75778996e-02
 -3.74432488e-02
 -1.95415562e-01
 1.95415562e-01
 -2.69425218e-02
 -3.23440614e-01
 -6.78671124e-02
 7.75778996e-02
 -2.46906220e-16
 1.03978449e-01
 4.12783382e-02
 -4.12783382e-02
 3.74432488e-02
 -6.78671124e-02
 -2.69425218e-02
 3.74432488e-02
 -1.03978449e-01
 -6.62295559e-17
 1.65179923e-01
 -1.65179923e-01
 -1.03978449e-01
 7.75778996e-02
 2.02623172e-01
 1.95415562e-01
 -4.12783382e-02
 -1.65179923e-01
 3.69818295e-16
 2.98879082e-01
 4.00101557e-02
 -2.37834526e-01
 -5.30044966e-02
 -1.01845735e-02
 -1.76652999e-01
 -1.10267512e-01
 2.57775843e-16
 4.00101557e-02
 9.99169452e-02
 -1.36873774e-01
 6.68214224e-03
 2.09426114e-01
 1.40998582e-02
 -4.03817875e-16
 1.10267512e-01
 -2.37834526e-01
 -1.36873774e-01
 -4.49978160e-02
 5.38195694e-02
 1.68490033e-01
 -2.96227750e-16
 -1.40998582e-02
 1.76652999e-01
 -5.30044966e-02
 6.68214224e-03
 5.38195694e-02
 3.91009653e-02
 5.50168228e-16
 -1.68490033e-01
 -2.09426114e-01
 1.01845735e-02
 -1.01845735e-02
 2.09426114e-01
 1.68490033e-01
 4.18151367e-16
 -3.91009653e-02
 -5.38195694e-02
 -6.68214224e-03
 5.30044966e-02
 -1.76652999e-01
 1.40998582e-02
 1.95325798e-17
 -1.68490033e-01
 -5.38195694e-02
 4.49978160e-02
 1.36873774e-01
 2.37834526e-01
 -1.10267512e-01
 -2.94794571e-16
 -1.40998582e-02
 -2.09426114e-01
 -6.68214224e-03
 1.36873774e-01
 -9.99169452e-02
 -4.00101557e-02
 -5.59041745e-17
 1.10267512e-01
 1.76652999e-01
 1.01845735e-02
 5.30044966e-02
 2.37834526e-01
 -4.00101557e-02
 -2.98879082e-01
 -2.99275451e-02
 5.34424050e-02
 1.58721866e-01
 -8.44144167e-02
 -1.41915247e-01
 1.17804238e-01
 -9.28322490e-02
 -3.31420982e-01
 5.34424050e-02
 -1.23650443e-01
 2.47949552e-02
 9.50942258e-02
 -1.59190428e-01
 4.62986302e-02
 2.54443676e-01
 -9.28322490e-02
 1.58721866e-01
 2.47949552e-02
 -1.95817073e-01
 2.60993379e-02
 8.72611786e-02
 -9.15040324e-02
 4.62986302e-02
 1.17804238e-01
 -8.44144167e-02
 9.50942258e-02
 2.60993379e-02
 -8.78363231e-02
 9.11240795e-02
 8.72611786e-02
 -1.59190428e-01
 -1.41915247e-01
 -1.41915247e-01
 -1.59190428e-01
 8.72611786e-02
 9.11240795e-02
 -8.78363231e-02
 2.60993379e-02
 9.50942258e-02
 -8.44144167e-02
 1.17804238e-01
 4.62986302e-02
 -9.15040324e-02
 8.72611786e-02
 2.60993379e-02
 -1.95817073e-01
 2.47949552e-02
 1.58721866e-01
 -9.28322490e-02
 2.54443676e-01
 4.62986302e-02
 -1.59190428e-01
 9.50942258e-02
 2.47949552e-02
 -1.23650443e-01
 5.34424050e-02
 -3.31420982e-01
 -9.28322490e-02
 1.17804238e-01
 -1.41915247e-01
 -8.44144167e-02
 1.58721866e-01
 5.34424050e-02
 -2.99275451e-02
 -1.48590915e-01
 -7.39000391e-02
 -2.85583093e-02
 1.78934918e-01
 1.51117973e-01
 -2.08692889e-01
 -1.80952116e-01
 9.82705963e-15
 -7.39000391e-02
 1.25020423e-01
 4.07995927e-02
 -1.50212589e-01
 5.50844517e-02
 -2.15941565e-03
 -2.00025031e-16
 1.80952116e-01
 -2.85583093e-02
 4.07995927e-02
 2.33958000e-01
 -1.00052725e-01
 -1.69236193e-01
 1.26277749e-14
 2.15941565e-03
 2.08692889e-01
 1.78934918e-01
 -1.50212589e-01
 -1.00052725e-01
 2.93526556e-02
 1.37355286e-16
 1.69236193e-01
 -5.50844517e-02
 -1.51117973e-01
 1.51117973e-01
 5.50844517e-02
 -1.69236193e-01
 -2.08468361e-16
 -2.93526556e-02
 1.00052725e-01
 1.50212589e-01
 -1.78934918e-01
 -2.08692889e-01
 -2.15941565e-03
 1.27526092e-14
 1.69236193e-01
 1.00052725e-01
 -2.33958000e-01
 -4.07995927e-02
 2.85583093e-02
 -1.80952116e-01
 -2.32698056e-16
 2.15941565e-03
 -5.50844517e-02
 1.50212589e-01
 -4.07995927e-02
 -1.25020423e-01
 7.39000391e-02
 9.63273566e-15
 1.80952116e-01
 2.08692889e-01
 -1.51117973e-01
 -1.78934918e-01
 2.85583093e-02
 7.39000391e-02
 1.48590915e-01
 -9.75401468e-02
 5.54413490e-02
 2.14106284e-01
 -1.62743407e-02
 -1.93255417e-01
 -1.75229868e-01
 1.05182623e-02
 1.69519202e-01
 5.54413490e-02
 -1.22986965e-01
 1.33008347e-02
 -2.58982743e-02
 3.02783870e-03
 1.64494294e-01
 -3.50233078e-03
 1.05182623e-02
 2.14106284e-01
 1.33008347e-02
 -5.52063164e-02
 -6.38055072e-02
 -1.53568962e-01
 2.24878440e-01
 1.64494294e-01
 -1.75229868e-01
 -1.62743407e-02
 -2.58982743e-02
 -6.38055072e-02
 2.17145469e-01
 -3.69071067e-03
 -1.53568962e-01
 3.02783870e-03
 -1.93255417e-01
 -1.93255417e-01
 3.02783870e-03
 -1.53568962e-01
 -3.69071067e-03
 2.17145469e-01
 -6.38055072e-02
 -2.58982743e-02
 -1.62743407e-02
 -1.75229868e-01
 1.64494294e-01
 2.24878440e-01
 -1.53568962e-01
 -6.38055072e-02
 -5.52063164e-02
 1.33008347e-02
 2.14106284e-01
 1.05182623e-02
 -3.50233078e-03
 1.64494294e-01
 3.02783870e-03
 -2.58982743e-02
 1.33008347e-02
 -1.22986965e-01
 5.54413490e-02
 1.69519202e-01
 1.05182623e-02
 -1.75229868e-01
 -1.93255417e-01
 -1.62743407e-02
 2.14106284e-01
 5.54413490e-02
 -9.75401468e-02
 -6.43411141e-17
 -2.35702260e-01
 1.97220652e-16
 1.27321432e-16
 -2.35702260e-01
 -1.45639236e-16
 -9.20553140e-17
 -2.35702260e-01
 2.35702260e-01
 -5.19248817e-17
 1.00591381e-16
 2.35702260e-01
 4.96607795e-17
 -1.38129817e-16
 2.35702260e-01
 2.01770843e-17
 -3.61149406e-16
 2.41887483e-16
 2.79332490e-16
 -4.29066499e-16
 1.12105768e-16
 6.81123373e-17
 -2.00426379e-16
 5.77871527e-16
 1.99822380e-16
 -2.35702260e-01
 3.00328837e-16
 7.80845265e-17
 -2.35702260e-01
 2.94570902e-16
 1.65178997e-16
 -2.35702260e-01
 2.35702260e-01
 1.62287534e-17
 -3.38495435e-16
 2.35702260e-01
 5.28753973e-16
 -1.45176454e-16
 2.35702260e-01
 3.38677331e-16
 -1.82312356e-16
 3.44526494e-16
 8.04789853e-17
 -7.19107313e-16
 3.51517112e-16
 2.31841390e-16
 -3.57761665e-16
 1.65427182e-16
 1.44602298e-16
 -2.35702260e-01
 4.54064115e-16
 -2.80751236e-16
 -2.35702260e-01
 2.49395354e-16
 -1.02585444e-17
 -2.35702260e-01
 2.35702260e-01
 1.07516336e-16
 -2.09277028e-16
 2.35702260e-01
 -1.39970806e-16
 -4.35832854e-17
 2.35702260e-01
 1.48023716e-16
 1.06545479e-15
 -2.36945241e-01
 -8.42465782e-02
 2.37045075e-03
 4.47939627e-03
 -1.99859743e-02
 6.80443091e-02
 2.49843149e-01
 2.36945241e-01
 -4.55636789e-16
 1.21879278e-01
 1.26075930e-01
 -4.66852331e-02
 6.35893190e-02
 -1.32938763e-01
 -1.07725512e-01
 8.42465782e-02
 -1.21879278e-01
 1.08832902e-18
 1.75758479e-01
 -1.89100339e-01
 2.16738243e-16
 1.85031035e-01
 -1.67839249e-01
 -2.37045075e-03
 -1.26075930e-01
 -1.75758479e-01
 1.24842823e-15
 -8.67696150e-02
 -1.38345801e-01
 1.25511020e-01
 8.22902187e-02
 -4.47939627e-03
 4.66852331e-02
 1.89100339e-01
 8.67696150e-02
 -9.04346906e-16
 1.65468798e-01
 6.86283324e-03
 -1.55772505e-01
 1.99859743e-02
 -6.35893190e-02
 1.81428870e-16
 1.38345801e-01
 -1.65468798e-01
 1.41201186e-16
 1.91972091e-01
 -1.89923587e-01
 -6.80443091e-02
 1.32938763e-01
 -1.85031035e-01
 -1.25511020e-01
 -6.86283324e-03
 -1.91972091e-01
 7.97137901e-16
 -1.28979075e-02
 -2.49843149e-01
 1.07725512e-01
 1.67839249e-01
 -8.22902187e-02
 1.55772505e-01
 1.89923587e-01
 1.28979075e-02
 -7.66101565e-16
 1.39422354e-16
 1.51693620e-01
 -1.73030492e-01
 -1.92435490e-01
 9.76067405e-02
 -1.91409503e-01
 -1.80019468e-01
 1.29353788e-01
 -1.51693620e-01
 -7.01829830e-17
 1.48937835e-01
 -8.07144891e-02
 1.86701703e-01
 1.81640952e-01
 -6.88277132e-02
 1.59474923e-01
 1.73030492e-01
 -1.48937835e-01
 1.53194784e-16
 7.83963901e-02
 -3.57505105e-02
 -1.29090524e-16
 -5.29202538e-02
 9.41648747e-02
 1.92435490e-01
 8.07144891e-02
 -7.83963901e-02
 5.20116710e-17
 -4.49240993e-02
 -1.33781450e-01
 -1.45890442e-01
 -5.26826412e-02
 -9.76067405e-02
 -1.86701703e-01
 3.57505105e-02
 4.49240993e-02
 1.46256297e-16
 9.82706158e-02
 1.49542202e-01
 1.13013113e-01
 1.91409503e-01
 -1.81640952e-01
 8.99530111e-17
 1.33781450e-01
 -9.82706158e-02
 1.51757714e-16
 1.35555690e-02
 3.10816340e-02
 1.80019468e-01
 6.88277132e-02
 5.29202538e-02
 1.45890442e-01
 -1.49542202e-01
 -1.35555690e-02
 8.55317272e-17
 -2.81047408e-01
 -1.29353788e-01
 -1.59474923e-01
 -9.41648747e-02
 5.26826412e-02
 -1.13013113e-01
 -3.10816340e-02
 2.81047408e-01
 -3.99527692e-17
 2.80192203e-01
 7.37049988e-02
 1.00273715e-01
 1.77627030e-01
 6.47430772e-02
 2.63551064e-03
 3.21428421e-03
 -1.04788526e-15
 7.37049988e-02
 -1.97862239e-01
 -1.95875221e-01
 -7.35123913e-02
 -1.23488452e-01
 -6.84319193e-02
 3.58327461e-16
 -3.21428421e-03
 1.00273715e-01
 -1.95875221e-01
 -2.24095932e-04
 1.32889886e-01
 -7.81900988e-02
 -4.88733941e-17
 6.84319193e-02
 -2.63551064e-03
 1.77627030e-01
 -7.35123913e-02
 1.32889886e-01
 3.23873259e-01
 1.83095515e-16
 7.81900988e-02
 1.23488452e-01
 -6.47430772e-02
 6.47430772e-02
 -1.23488452e-01
 -7.81900988e-02
 -5.11914946e-16
 -3.23873259e-01
 -1.32889886e-01
 7.35123913e-02
 -1.77627030e-01
 2.63551064e-03
 -6.84319193e-02
 -1.97840518e-16
 7.81900988e-02
 -1.32889886e-01
 2.24095932e-04
 1.95875221e-01
 -1.00273715e-01
 3.21428421e-03
 -4.14597819e-16
 6.84319193e-02
 1.23488452e-01
 7.35123913e-02
 1.95875221e-01
 1.97862239e-01
 -7.37049988e-02
 3.71809918e-16
 -3.21428421e-03
 -2.63551064e-03
 -6.47430772e-02
 -1.77627030e-01
 -1.00273715e-01
 -7.37049988e-02
 -2.80192203e-01
 -2.91653619e-01
 7.59811716e-02
 1.37110959e-01
 -9.72887731e-02
 1.94264405e-01
 9.25329897e-02
 -5.39222498e-02
 1.98967712e-01
 7.59811716e-02
 6.11978097e-03
 1.07239556e-01
 -1.60248851e-01
 -1.18394042e-01
 1.78546131e-02
 -2.08351509e-01
 -5.39222498e-02
 1.37110959e-01
 1.07239556e-01
 -7.81048816e-02
 -3.89841743e-02
 9.71745727e-02
 1.24159841e-02
 1.78546131e-02
 9.25329897e-02
 -9.72887731e-02
 -1.60248851e-01
 -3.89841743e-02
 -1.00296129e-01
 1.55365939e-01
 9.71745727e-02
 -1.18394042e-01
 1.94264405e-01
 1.94264405e-01
 -1.18394042e-01
 9.71745727e-02
 1.55365939e-01
 -1.00296129e-01
 -3.89841743e-02
 -1.60248851e-01
 -9.72887731e-02
 9.25329897e-02
 1.78546131e-02
 1.24159841e-02
 9.71745727e-02
 -3.89841743e-02
 -7.81048816e-02
 1.07239556e-01
 1.37110959e-01
 -5.39222498e-02
 -2.08351509e-01
 1.78546131e-02
 -1.18394042e-01
 -1.60248851e-01
 1.07239556e-01
 6.11978097e-03
 7.59811716e-02
 1.98967712e-01
 -5.39222498e-02
 9.25329897e-02
 1.94264405e-01
 -9.72887731e-02
 1.37110959e-01
 7.59811716e-02
 -2.91653619e-01
 2.68696751e-16
 7.69507614e-02
 1.37814218e-01
 -2.54514566e-02
 -2.81305914e-01
 -1.92268033e-02
 1.42114914e-01
 7.27289889e-02
 -7.69507614e-02
 -5.12239944e-17
 -1.83442025e-01
 5.02260424e-02
 1.08357046e-01
 1.03121020e-01
 4.74704761e-02
 -1.85239429e-01
 -1.37814218e-01
 1.83442025e-01
 -7.03084672e-17
 -1.56219422e-01
 8.91602034e-02
 -4.78742188e-17
 8.35597820e-02
 -1.52477012e-01
 2.54514566e-02
 -5.02260424e-02
 1.56219422e-01
 -5.10159183e-16
 1.36685788e-01
 -1.91916828e-01
 -1.92281223e-01
 1.44620125e-01
 2.81305914e-01
 -1.08357046e-01
 -8.91602034e-02
 -1.36685788e-01
 3.00552876e-17
 1.77928468e-01
 -9.76965185e-02
 1.75446225e-01
 1.92268033e-02
 -1.03121020e-01
 -1.64752931e-16
 1.91916828e-01
 -1.77928468e-01
 1.70488731e-16
 4.74252116e-02
 4.13271115e-02
 -1.42114914e-01
 -4.74704761e-02
 -8.35597820e-02
 1.92281223e-01
 9.76965185e-02
 -4.74252116e-02
 -2.11074802e-16
 -1.49679750e-01
 -7.27289889e-02
 1.85239429e-01
 1.52477012e-01
 -1.44620125e-01
 -1.75446225e-01
 -4.13271115e-02
 1.49679750e-01
 4.28806959e-16
 1.10916794e-16
 1.28407745e-01
 -1.34328993e-01
 -1.90759693e-01
 4.58089152e-03
 1.91487250e-01
 1.29770522e-01
 -1.30845187e-01
 -1.28407745e-01
 2.66394203e-16
 5.81898648e-02
 8.38122034e-02
 1.59046495e-01
 -1.62490284e-01
 -8.54031304e-02
 -5.21861171e-02
 1.34328993e-01
 -5.81898648e-02
 1.47626198e-16
 -1.12394525e-01
 1.70550565e-01
 -5.19974071e-18
 -1.73363202e-01
 1.17421454e-01
 1.90759693e-01
 -8.38122034e-02
 1.12394525e-01
 1.29893081e-17
 -2.45908513e-01
 1.43167071e-02
 -8.06028121e-03
 2.41327622e-01
 -4.58089152e-03
 -1.59046495e-01
 -1.70550565e-01
 2.45908513e-01
 -1.90305718e-16
 7.33382384e-02
 1.59092693e-03
 -7.90927251e-02
 -1.91487250e-01
 1.62490284e-01
 -4.65698079e-17
 -1.43167071e-02
 -7.33382384e-02
 -5.31151709e-17
 1.86515110e-01
 -1.87960386e-01
 -1.29770522e-01
 8.54031304e-02
 1.73363202e-01
 8.06028121e-03
 -1.59092693e-03
 -1.86515110e-01
 -1.97926950e-17
 2.43744147e-03
 1.30845187e-01
 5.21861171e-02
 -1.17421454e-01
 -2.41327622e-01
 7.90927251e-02
 1.87960386e-01
 -2.43744147e-03
 6.11361162e-17
