 2.12040114e-02
 3.45604946e-02
 4.40970774e-02
 5.04845262e-02
 5.37179110e-02
 5.37179110e-02
 5.04845262e-02
 4.40970774e-02
 3.45604946e-02
 2.12040114e-02
 3.05639927e-02
 5.61184082e-02
 7.61947349e-02
 9.09039182e-02
 9.99477051e-02
 1.03004713e-01
 9.99477051e-02
 9.09039182e-02
 7.61947349e-02
 5.61184082e-02
 3.05639927e-02
 3.25821177e-02
 6.48580065e-02
 9.34994724e-02
 1.16496223e-01
 1.32561299e-01
 1.40820871e-01
 1.40820871e-01
 1.32561299e-01
 1.16496223e-01
 9.34994724e-02
 6.48580065e-02
 3.25821177e-02
 2.85838326e-02
 6.22961941e-02
 9.57928738e-02
 1.25162497e-01
 1.47794462e-01
 1.62012061e-01
 1.66856187e-01
 1.62012061e-01
 1.47794462e-01
 1.25162497e-01
 9.57928738e-02
 6.22961941e-02
 2.85838326e-02
 1.87155321e-02
 4.98462978e-02
 8.45416857e-02
 1.17378379e-01
 1.44708055e-01
 1.64137156e-01
 1.74202446e-01
 1.74202446e-01
 1.64137156e-01
 1.44708055e-01
 1.17378379e-01
 8.45416857e-02
 4.98462978e-02
 1.87155321e-02
 2.85838326e-02
 6.22961941e-02
 9.57928738e-02
 1.25162497e-01
 1.47794462e-01
 1.62012061e-01
 1.66856187e-01
 1.62012061e-01
 1.47794462e-01
 1.25162497e-01
 9.57928738e-02
 6.22961941e-02
 2.85838326e-02
 3.25821177e-02
 6.48580065e-02
 9.34994724e-02
 1.16496223e-01
 1.32561299e-01
 1.40820871e-01
 1.40820871e-01
 1.32561299e-01
 1.16496223e-01
 9.34994724e-02
 6.48580065e-02
 3.25821177e-02
 3.05639927e-02
 5.61184082e-02
 7.61947349e-02
 9.09039182e-02
 9.99477051e-02
 1.03004713e-01
 9.99477051e-02
 9.09039182e-02
 7.61947349e-02
 5.61184082e-02
 3.05639927e-02
 2.12040114e-02
 3.45604946e-02
 4.40970774e-02
 5.04845262e-02
 5.37179110e-02
 5.37179110e-02
 5.04845262e-02
 4.40970774e-02
 3.45604946e-02
 2.12040114e-02
 3.59583318e-02
 5.03067909e-02
 4.90646808e-02
 3.51773779e-02
 1.27389604e-02
 -1.27389604e-02
 -3.51773779e-02
 -4.90646808e-02
 -5.03067909e-02
 -3.59583318e-02
 5.57057724e-02
 9.05298734e-02
 9.94159118e-02
 8.32795440e-02
 4.71906837e-02
 -4.35681222e-15
 -4.71906837e-02
 -8.32795440e-02
 -9.94159118e-02
 -9.05298734e-02
 -5.57057724e-02
 6.35484507e-02
 1.14442103e-01
 1.38992763e-01
 1.31217673e-01
 9.31262162e-02
 3.36145605e-02
 -3.36145605e-02
 -9.31262162e-02
 -1.31217673e-01
 -1.38992763e-01
 -1.14442103e-01
 -6.35484507e-02
 5.88397400e-02
 1.18357957e-01
 1.58387245e-01
 1.65719199e-01
 1.36680981e-01
 7.70294220e-02
 -3.01267258e-15
 -7.70294220e-02
 -1.36680981e-01
 -1.65719199e-01
 -1.58387245e-01
 -1.18357957e-01
 -5.88397400e-02
 3.98063747e-02
 9.98957379e-02
 1.51812208e-01
 1.76394881e-01
 1.64120848e-01
 1.15862819e-01
 4.17458092e-02
 -4.17458092e-02
 -1.15862819e-01
 -1.64120848e-01
 -1.76394881e-01
 -1.51812208e-01
 -9.98957379e-02
 -3.98063747e-02
 5.88397400e-02
 1.18357957e-01
 1.58387245e-01
 1.65719199e-01
 1.36680981e-01
 7.70294220e-02
 -4.78756574e-16
 -7.70294220e-02
 -1.36680981e-01
 -1.65719199e-01
 -1.58387245e-01
 -1.18357957e-01
 -5.88397400e-02
 6.35484507e-02
 1.14442103e-01
 1.38992763e-01
 1.31217673e-01
 9.31262162e-02
 3.36145605e-02
 -3.36145605e-02
 -9.31262162e-02
 -1.31217673e-01
 -1.38992763e-01
 -1.14442103e-01
 -6.35484507e-02
 5.57057724e-02
 9.05298734e-02
 9.94159118e-02
 8.32795440e-02
 4.71906837e-02
 5.04154010e-16
 -4.71906837e-02
 -8.32795440e-02
 -9.94159118e-02
 -9.05298734e-02
 -5.57057724e-02
 3.59583318e-02
 5.03067909e-02
 4.90646808e-02
 3.51773779e-02
 1.27389604e-02
 -1.27389604e-02
 -3.51773779e-02
 -4.90646808e-02
 -5.03067909e-02
 -3.59583318e-02
 3.77988948e-02
 6.44740821e-02
 8.47962733e-02
 9.88628179e-02
 1.06093714e-01
 1.06093714e-01
 9.88628179e-02
 8.47962733e-02
 6.44740821e-02
 3.77988948e-02
 4.35202768e-02
 8.63271435e-02
 1.22534483e-01
 1.50060390e-01
 1.67296528e-01
 1.73167380e-01
 1.67296528e-01
 1.50060390e-01
 1.22534483e-01
 8.63271435e-02
 4.35202768e-02
 3.06030477e-02
 6.90056450e-02
 1.06468489e-01
 1.37814918e-01
 1.60145059e-01
 1.71730515e-01
 1.71730515e-01
 1.60145059e-01
 1.37814918e-01
 1.06468489e-01
 6.90056450e-02
 3.06030477e-02
 1.22791282e-02
 3.25231005e-02
 5.53111881e-02
 7.63537557e-02
 9.29347791e-02
 1.03457535e-01
 1.07057675e-01
 1.03457535e-01
 9.29347791e-02
 7.63537557e-02
 5.53111881e-02
 3.25231005e-02
 1.22791282e-02
 2.29929762e-15
 5.48108329e-15
 5.78542307e-15
 4.24676909e-15
 2.21283292e-15
 -8.28291496e-16
 -2.41624619e-15
 -2.85517993e-15
 -1.90281208e-15
 -8.07158024e-16
 4.88131535e-16
 1.17428497e-15
 9.30837540e-16
 3.09238600e-16
 -1.22791282e-02
 -3.25231005e-02
 -5.53111881e-02
 -7.63537557e-02
 -9.29347791e-02
 -1.03457535e-01
 -1.07057675e-01
 -1.03457535e-01
 -9.29347791e-02
 -7.63537557e-02
 -5.53111881e-02
 -3.25231005e-02
 -1.22791282e-02
 -3.06030477e-02
 -6.90056450e-02
 -1.06468489e-01
 -1.37814918e-01
 -1.60145059e-01
 -1.71730515e-01
 -1.71730515e-01
 -1.60145059e-01
 -1.37814918e-01
 -1.06468489e-01
 -6.90056450e-02
 -3.06030477e-02
 -4.35202768e-02
 -8.63271435e-02
 -1.22534483e-01
 -1.50060390e-01
 -1.67296528e-01
 -1.73167380e-01
 -1.67296528e-01
 -1.50060390e-01
 -1.22534483e-01
 -8.63271435e-02
 -4.35202768e-02
 -3.77988948e-02
 -6.44740821e-02
 -8.47962733e-02
 -9.88628179e-02
 -1.06093714e-01
 -1.06093714e-01
 -9.88628179e-02
 -8.47962733e-02
 -6.44740821e-02
 -3.77988948e-02
 3.76437210e-02
 3.59683136e-02
 8.44336203e-03
 -2.68880906e-02
 -5.07852063e-02
 -5.07852063e-02
 -2.68880906e-02
 8.44336203e-03
 3.59683136e-02
 3.76437210e-02
 6.86837723e-02
 8.61467687e-02
 5.00731269e-02
 -1.63577984e-02
 -7.75838266e-02
 -1.02149927e-01
 -7.75838266e-02
 -1.63577984e-02
 5.00731269e-02
 8.61467687e-02
 6.86837723e-02
 9.00691203e-02
 1.34267109e-01
 1.10002641e-01
 2.95945572e-02
 -6.65493490e-02
 -1.30506664e-01
 -1.30506664e-01
 -6.65493490e-02
 2.95945572e-02
 1.10002641e-01
 1.34267109e-01
 9.00691203e-02
 9.22112222e-02
 1.61357192e-01
 1.64279247e-01
 9.31924151e-02
 -2.03597221e-02
 -1.22094847e-01
 -1.62594150e-01
 -1.22094847e-01
 -2.03597221e-02
 9.31924151e-02
 1.64279247e-01
 1.61357192e-01
 9.22112222e-02
 6.59750952e-02
 1.49975225e-01
 1.87044098e-01
 1.46793128e-01
 4.20400006e-02
 -7.93769234e-02
 -1.59456288e-01
 -1.59456288e-01
 -7.93769234e-02
 4.20400006e-02
 1.46793128e-01
 1.87044098e-01
 1.49975225e-01
 6.59750952e-02
 9.22112222e-02
 1.61357192e-01
 1.64279247e-01
 9.31924151e-02
 -2.03597221e-02
 -1.22094847e-01
 -1.62594150e-01
 -1.22094847e-01
 -2.03597221e-02
 9.31924151e-02
 1.64279247e-01
 1.61357192e-01
 9.22112222e-02
 9.00691203e-02
 1.34267109e-01
 1.10002641e-01
 2.95945572e-02
 -6.65493490e-02
 -1.30506664e-01
 -1.30506664e-01
 -6.65493490e-02
 2.95945572e-02
 1.10002641e-01
 1.34267109e-01
 9.00691203e-02
 6.86837723e-02
 8.61467687e-02
 5.00731269e-02
 -1.63577984e-02
 -7.75838266e-02
 -1.02149927e-01
 -7.75838266e-02
 -1.63577984e-02
 5.00731269e-02
 8.61467687e-02
 6.86837723e-02
 3.76437210e-02
 3.59683136e-02
 8.44336203e-03
 -2.68880906e-02
 -5.07852063e-02
 -5.07852063e-02
 -2.68880906e-02
 8.44336203e-03
 3.59683136e-02
 3.76437210e-02
 -6.85278279e-02
 -1.00938862e-01
 -1.02031916e-01
 -7.48005094e-02
 -2.73781538e-02
 2.73781538e-02
 7.48005094e-02
 1.02031916e-01
 1.00938862e-01
 6.85278279e-02
 -8.38072834e-02
 -1.48463388e-01
 -1.71781731e-01
 -1.48598625e-01
 -8.57011092e-02
 4.29581009e-15
 8.57011092e-02
 1.48598625e-01
 1.71781731e-01
 1.48463388e-01
 8.38072834e-02
 -6.22142792e-02
 -1.28298824e-01
 -1.68533469e-01
 -1.66704786e-01
 -1.21525520e-01
 -4.44100442e-02
 4.44100442e-02
 1.21525520e-01
 1.66704786e-01
 1.68533469e-01
 1.28298824e-01
 6.22142792e-02
 -2.60334999e-02
 -6.43709437e-02
 -9.64505082e-02
 -1.07777466e-01
 -9.23681125e-02
 -5.31226994e-02
 4.39331415e-15
 5.31226994e-02
 9.23681125e-02
 1.07777466e-01
 9.64505082e-02
 6.43709437e-02
 2.60334999e-02
 -1.09790863e-16
 -7.35985525e-16
 -1.24860377e-15
 -1.55609560e-15
 -1.19928518e-15
 1.93129741e-16
 2.37284577e-15
 3.23322711e-15
 2.06900475e-15
 -2.71716408e-16
 -2.36752481e-15
 -3.43081250e-15
 -3.44364796e-15
 -1.90947869e-15
 2.60334999e-02
 6.43709437e-02
 9.64505082e-02
 1.07777466e-01
 9.23681125e-02
 5.31226994e-02
 1.30525510e-15
 -5.31226994e-02
 -9.23681125e-02
 -1.07777466e-01
 -9.64505082e-02
 -6.43709437e-02
 -2.60334999e-02
 6.22142792e-02
 1.28298824e-01
 1.68533469e-01
 1.66704786e-01
 1.21525520e-01
 4.44100442e-02
 -4.44100442e-02
 -1.21525520e-01
 -1.66704786e-01
 -1.68533469e-01
 -1.28298824e-01
 -6.22142792e-02
 8.38072834e-02
 1.48463388e-01
 1.71781731e-01
 1.48598625e-01
 8.57011092e-02
 -9.67348110e-16
 -8.57011092e-02
 -1.48598625e-01
 -1.71781731e-01
 -1.48463388e-01
 -8.38072834e-02
 6.85278279e-02
 1.00938862e-01
 1.02031916e-01
 7.48005094e-02
 2.73781538e-02
 -2.73781538e-02
 -7.48005094e-02
 -1.02031916e-01
 -1.00938862e-01
 -6.85278279e-02
 -1.74810233e-02
 9.88594359e-03
 4.74616364e-02
 5.69239243e-02
 2.53211304e-02
 -2.53211304e-02
 -5.69239243e-02
 -4.74616364e-02
 -9.88594359e-03
 1.74810233e-02
 -5.80367771e-02
 -3.15998550e-02
 4.67201949e-02
 1.02996060e-01
 8.39154770e-02
 2.11925063e-16
 -8.39154770e-02
 -1.02996060e-01
 -4.67201949e-02
 3.15998550e-02
 5.80367771e-02
 -1.05343683e-01
 -1.10346720e-01
 -1.49042430e-02
 9.93040287e-02
 1.35556080e-01
 6.20360627e-02
 -6.20360627e-02
 -1.35556080e-01
 -9.93040287e-02
 1.49042430e-02
 1.10346720e-01
 1.05343683e-01
 -1.28827330e-01
 -1.83380678e-01
 -1.10150767e-01
 3.80780352e-02
 1.44591693e-01
 1.25581045e-01
 1.40135277e-15
 -1.25581045e-01
 -1.44591693e-01
 -3.80780352e-02
 1.10150767e-01
 1.83380678e-01
 1.28827330e-01
 -1.00079881e-01
 -1.98922697e-01
 -1.83015168e-01
 -4.89532710e-02
 1.03829480e-01
 1.57297329e-01
 7.34358008e-02
 -7.34358008e-02
 -1.57297329e-01
 -1.03829480e-01
 4.89532710e-02
 1.83015168e-01
 1.98922697e-01
 1.00079881e-01
 -1.28827330e-01
 -1.83380678e-01
 -1.10150767e-01
 3.80780352e-02
 1.44591693e-01
 1.25581045e-01
 2.95194436e-16
 -1.25581045e-01
 -1.44591693e-01
 -3.80780352e-02
 1.10150767e-01
 1.83380678e-01
 1.28827330e-01
 -1.05343683e-01
 -1.10346720e-01
 -1.49042430e-02
 9.93040287e-02
 1.35556080e-01
 6.20360627e-02
 -6.20360627e-02
 -1.35556080e-01
 -9.93040287e-02
 1.49042430e-02
 1.10346720e-01
 1.05343683e-01
 -5.80367771e-02
 -3.15998550e-02
 4.67201949e-02
 1.02996060e-01
 8.39154770e-02
 -6.48052083e-16
 -8.39154770e-02
 -1.02996060e-01
 -4.67201949e-02
 3.15998550e-02
 5.80367771e-02
 -1.74810233e-02
 9.88594359e-03
 4.74616364e-02
 5.69239243e-02
 2.53211304e-02
 -2.53211304e-02
 -5.69239243e-02
 -4.74616364e-02
 -9.88594359e-03
 1.74810233e-02
 8.48106939e-02
 9.14342652e-02
 3.65478257e-02
 -4.24198226e-02
 -9.82156416e-02
 -9.82156416e-02
 -4.24198226e-02
 3.65478257e-02
 9.14342652e-02
 8.48106939e-02
 1.16787533e-01
 1.66736622e-01
 1.16146895e-01
 -3.57894292e-03
 -1.22296450e-01
 -1.71291414e-01
 -1.22296450e-01
 -3.57894292e-03
 1.16146895e-01
 1.66736622e-01
 1.16787533e-01
 9.59185849e-02
 1.68866022e-01
 1.59117531e-01
 6.32422839e-02
 -6.70436748e-02
 -1.58138024e-01
 -1.58138024e-01
 -6.70436748e-02
 6.32422839e-02
 1.59117531e-01
 1.68866022e-01
 9.59185849e-02
 4.32258844e-02
 9.51883215e-02
 1.12828685e-01
 7.56575014e-02
 -6.97460566e-04
 -7.49396687e-02
 -1.05438255e-01
 -7.49396687e-02
 -6.97460566e-04
 7.56575014e-02
 1.12828685e-01
 9.51883215e-02
 4.32258844e-02
 5.33621855e-16
 7.50662915e-16
 1.65988996e-15
 2.67921733e-15
 3.32315383e-15
 3.77743146e-15
 3.92237824e-15
 2.61055280e-15
 1.71215814e-15
 1.31963909e-15
 1.12585823e-15
 1.20520830e-15
 1.05737042e-15
 4.84612258e-16
 -4.32258844e-02
 -9.51883215e-02
 -1.12828685e-01
 -7.56575014e-02
 6.97460566e-04
 7.49396687e-02
 1.05438255e-01
 7.49396687e-02
 6.97460566e-04
 -7.56575014e-02
 -1.12828685e-01
 -9.51883215e-02
 -4.32258844e-02
 -9.59185849e-02
 -1.68866022e-01
 -1.59117531e-01
 -6.32422839e-02
 6.70436748e-02
 1.58138024e-01
 1.58138024e-01
 6.70436748e-02
 -6.32422839e-02
 -1.59117531e-01
 -1.68866022e-01
 -9.59185849e-02
 -1.16787533e-01
 -1.66736622e-01
 -1.16146895e-01
 3.57894292e-03
 1.22296450e-01
 1.71291414e-01
 1.22296450e-01
 3.57894292e-03
 -1.16146895e-01
 -1.66736622e-01
 -1.16787533e-01
 -8.48106939e-02
 -9.14342652e-02
 -3.65478257e-02
 4.24198226e-02
 9.82156416e-02
 9.82156416e-02
 4.24198226e-02
 -3.65478257e-02
 -9.14342652e-02
 -8.48106939e-02
 -5.41189617e-02
 -9.61141409e-02
 -1.22911186e-01
 -1.33930710e-01
 -1.35856988e-01
 -1.35856988e-01
 -1.33930710e-01
 -1.22911186e-01
 -9.61141409e-02
 -5.41189617e-02
 -3.97273987e-02
 -9.50025534e-02
 -1.37941566e-01
 -1.56290478e-01
 -1.56221956e-01
 -1.53487477e-01
 -1.56221956e-01
 -1.56290478e-01
 -1.37941566e-01
 -9.50025534e-02
 -3.97273987e-02
 3.04825034e-03
 -2.33837061e-02
 -5.39470244e-02
 -6.41235067e-02
 -5.15271317e-02
 -3.52709938e-02
 -3.52709938e-02
 -5.15271317e-02
 -6.41235067e-02
 -5.39470244e-02
 -2.33837061e-02
 3.04825034e-03
 3.19614013e-02
 4.41519962e-02
 4.17336779e-02
 4.86069592e-02
 7.75808240e-02
 1.14537453e-01
 1.31521903e-01
 1.14537453e-01
 7.75808240e-02
 4.86069592e-02
 4.17336779e-02
 4.41519962e-02
 3.19614013e-02
 2.90673051e-02
 6.00636058e-02
 7.49068349e-02
 8.76796822e-02
 1.18409028e-01
 1.65017719e-01
 2.01236468e-01
 2.01236468e-01
 1.65017719e-01
 1.18409028e-01
 8.76796822e-02
 7.49068349e-02
 6.00636058e-02
 2.90673051e-02
 3.19614013e-02
 4.41519962e-02
 4.17336779e-02
 4.86069592e-02
 7.75808240e-02
 1.14537453e-01
 1.31521903e-01
 1.14537453e-01
 7.75808240e-02
 4.86069592e-02
 4.17336779e-02
 4.41519962e-02
 3.19614013e-02
 3.04825034e-03
 -2.33837061e-02
 -5.39470244e-02
 -6.41235067e-02
 -5.15271317e-02
 -3.52709938e-02
 -3.52709938e-02
 -5.15271317e-02
 -6.41235067e-02
 -5.39470244e-02
 -2.33837061e-02
 3.04825034e-03
 -3.97273987e-02
 -9.50025534e-02
 -1.37941566e-01
 -1.56290478e-01
 -1.56221956e-01
 -1.53487477e-01
 -1.56221956e-01
 -1.56290478e-01
 -1.37941566e-01
 -9.50025534e-02
 -3.97273987e-02
 -5.41189617e-02
 -9.61141409e-02
 -1.22911186e-01
 -1.33930710e-01
 -1.35856988e-01
 -1.35856988e-01
 -1.33930710e-01
 -1.22911186e-01
 -9.61141409e-02
 -5.41189617e-02
 1.01698154e-01
 1.46731016e-01
 1.38164969e-01
 9.27783115e-02
 3.19432133e-02
 -3.19432133e-02
 -9.27783115e-02
 -1.38164969e-01
 -1.46731016e-01
 -1.01698154e-01
 9.17586839e-02
 1.67278863e-01
 1.78304564e-01
 1.33454726e-01
 6.66161015e-02
 2.88953353e-14
 -6.66161015e-02
 -1.33454726e-01
 -1.78304564e-01
 -1.67278863e-01
 -9.17586839e-02
 2.70995131e-02
 7.00342367e-02
 7.89043735e-02
 4.68888610e-02
 9.72226924e-03
 -2.10490832e-03
 2.10490832e-03
 -9.72226924e-03
 -4.68888610e-02
 -7.89043735e-02
 -7.00342367e-02
 -2.70995131e-02
 -2.16608563e-02
 -3.20068915e-02
 -5.36028083e-02
 -9.40807532e-02
 -1.19221885e-01
 -8.68417169e-02
 2.08132020e-14
 8.68417169e-02
 1.19221885e-01
 9.40807532e-02
 5.36028083e-02
 3.20068915e-02
 2.16608563e-02
 -2.50183135e-02
 -5.64996182e-02
 -9.30757382e-02
 -1.43646704e-01
 -1.84697499e-01
 -1.66678193e-01
 -6.82096935e-02
 6.82096935e-02
 1.66678193e-01
 1.84697499e-01
 1.43646704e-01
 9.30757382e-02
 5.64996182e-02
 2.50183135e-02
 -2.16608563e-02
 -3.20068915e-02
 -5.36028083e-02
 -9.40807532e-02
 -1.19221885e-01
 -8.68417169e-02
 2.18692175e-14
 8.68417169e-02
 1.19221885e-01
 9.40807532e-02
 5.36028083e-02
 3.20068915e-02
 2.16608563e-02
 2.70995131e-02
 7.00342367e-02
 7.89043735e-02
 4.68888610e-02
 9.72226924e-03
 -2.10490832e-03
 2.10490832e-03
 -9.72226924e-03
 -4.68888610e-02
 -7.89043735e-02
 -7.00342367e-02
 -2.70995131e-02
 9.17586839e-02
 1.67278863e-01
 1.78304564e-01
 1.33454726e-01
 6.66161015e-02
 3.21302665e-14
 -6.66161015e-02
 -1.33454726e-01
 -1.78304564e-01
 -1.67278863e-01
 -9.17586839e-02
 1.01698154e-01
 1.46731016e-01
 1.38164969e-01
 9.27783115e-02
 3.19432133e-02
 -3.19432133e-02
 -9.27783115e-02
 -1.38164969e-01
 -1.46731016e-01
 -1.01698154e-01
 -1.76435886e-02
 -4.58570470e-02
 -3.30893728e-02
 3.17238013e-02
 9.49610057e-02
 9.49610057e-02
 3.17238013e-02
 -3.30893728e-02
 -4.58570470e-02
 -1.76435886e-02
 1.92876687e-02
 -4.37677312e-02
 -8.83108775e-02
 -2.94684308e-02
 9.40654284e-02
 1.57816892e-01
 9.40654284e-02
 -2.94684308e-02
 -8.83108775e-02
 -4.37677312e-02
 1.92876687e-02
 9.66714871e-02
 4.16311556e-02
 -8.35897124e-02
 -1.16283742e-01
 -5.58271326e-03
 1.25546306e-01
 1.25546306e-01
 -5.58271326e-03
 -1.16283742e-01
 -8.35897124e-02
 4.16311556e-02
 9.66714871e-02
 1.57833801e-01
 1.66633428e-01
 1.07296878e-02
 -1.37233352e-01
 -1.19386268e-01
 2.32709215e-02
 1.05380227e-01
 2.32709215e-02
 -1.19386268e-01
 -1.37233352e-01
 1.07296878e-02
 1.66633428e-01
 1.57833801e-01
 1.36682696e-01
 2.29225276e-01
 1.28201666e-01
 -7.28687111e-02
 -1.65689351e-01
 -7.44215066e-02
 6.12347284e-02
 6.12347284e-02
 -7.44215066e-02
 -1.65689351e-01
 -7.28687111e-02
 1.28201666e-01
 2.29225276e-01
 1.36682696e-01
 1.57833801e-01
 1.66633428e-01
 1.07296878e-02
 -1.37233352e-01
 -1.19386268e-01
 2.32709215e-02
 1.05380227e-01
 2.32709215e-02
 -1.19386268e-01
 -1.37233352e-01
 1.07296878e-02
 1.66633428e-01
 1.57833801e-01
 9.66714871e-02
 4.16311556e-02
 -8.35897124e-02
 -1.16283742e-01
 -5.58271326e-03
 1.25546306e-01
 1.25546306e-01
 -5.58271326e-03
 -1.16283742e-01
 -8.35897124e-02
 4.16311556e-02
 9.66714871e-02
 1.92876687e-02
 -4.37677312e-02
 -8.83108775e-02
 -2.94684308e-02
 9.40654284e-02
 1.57816892e-01
 9.40654284e-02
 -2.94684308e-02
 -8.83108775e-02
 -4.37677312e-02
 1.92876687e-02
 -1.76435886e-02
 -4.58570470e-02
 -3.30893728e-02
 3.17238013e-02
 9.49610057e-02
 9.49610057e-02
 3.17238013e-02
 -3.30893728e-02
 -4.58570470e-02
 -1.76435886e-02
 7.72395028e-02
 3.34562475e-02
 -6.20467858e-02
 -1.06378283e-01
 -5.17704695e-02
 5.17704695e-02
 1.06378283e-01
 6.20467858e-02
 -3.34562475e-02
 -7.72395028e-02
 1.35468954e-01
 1.28647507e-01
 -1.49467714e-02
 -1.51172480e-01
 -1.44842963e-01
 -3.86326871e-16
 1.44842963e-01
 1.51172480e-01
 1.49467714e-02
 -1.28647507e-01
 -1.35468954e-01
 1.32818438e-01
 1.83201896e-01
 8.12072239e-02
 -8.76756057e-02
 -1.66516296e-01
 -8.21840984e-02
 8.21840984e-02
 1.66516296e-01
 8.76756057e-02
 -8.12072239e-02
 -1.83201896e-01
 -1.32818438e-01
 6.71482774e-02
 1.25876842e-01
 1.01784186e-01
 1.84752911e-03
 -8.81980181e-02
 -8.74470846e-02
 -7.48971965e-16
 8.74470846e-02
 8.81980181e-02
 -1.84752911e-03
 -1.01784186e-01
 -1.25876842e-01
 -6.71482774e-02
 -8.47238677e-16
 -1.12317925e-15
 1.31901644e-16
 2.29903114e-15
 4.02382778e-15
 2.93867947e-15
 3.43252872e-16
 -1.31463726e-15
 -1.64613241e-15
 -1.84944698e-15
 -1.56929152e-15
 -6.84852831e-16
 3.44749902e-16
 1.40920364e-16
 -6.71482774e-02
 -1.25876842e-01
 -1.01784186e-01
 -1.84752911e-03
 8.81980181e-02
 8.74470846e-02
 -6.71875538e-16
 -8.74470846e-02
 -8.81980181e-02
 1.84752911e-03
 1.01784186e-01
 1.25876842e-01
 6.71482774e-02
 -1.32818438e-01
 -1.83201896e-01
 -8.12072239e-02
 8.76756057e-02
 1.66516296e-01
 8.21840984e-02
 -8.21840984e-02
 -1.66516296e-01
 -8.76756057e-02
 8.12072239e-02
 1.83201896e-01
 1.32818438e-01
 -1.35468954e-01
 -1.28647507e-01
 1.49467714e-02
 1.51172480e-01
 1.44842963e-01
 -9.18986254e-16
 -1.44842963e-01
 -1.51172480e-01
 -1.49467714e-02
 1.28647507e-01
 1.35468954e-01
 -7.72395028e-02
 -3.34562475e-02
 6.20467858e-02
 1.06378283e-01
 5.17704695e-02
 -5.17704695e-02
 -1.06378283e-01
 -6.20467858e-02
 3.34562475e-02
 7.72395028e-02
 -1.27477540e-01
 -1.29528438e-01
 -4.39259345e-02
 5.54586178e-02
 1.14255550e-01
 1.14255550e-01
 5.54586178e-02
 -4.39259345e-02
 -1.29528438e-01
 -1.27477540e-01
 -1.36743400e-01
 -1.83385110e-01
 -1.02102581e-01
 2.12305847e-02
 1.04061341e-01
 1.29242950e-01
 1.04061341e-01
 2.12305847e-02
 -1.02102581e-01
 -1.83385110e-01
 -1.36743400e-01
 -6.91588987e-02
 -1.02319259e-01
 -4.86908787e-02
 2.41489987e-02
 3.72471029e-02
 9.62518697e-03
 9.62518697e-03
 3.72471029e-02
 2.41489987e-02
 -4.86908787e-02
 -1.02319259e-01
 -6.91588987e-02
 -1.00962905e-02
 5.21182509e-03
 7.18513876e-02
 1.20057158e-01
 5.74404049e-02
 -8.51232262e-02
 -1.61102024e-01
 -8.51232262e-02
 5.74404049e-02
 1.20057158e-01
 7.18513876e-02
 5.21182509e-03
 -1.00962905e-02
 1.79827739e-03
 2.65357214e-02
 1.01571232e-01
 1.77614378e-01
 1.41118427e-01
 -3.48364768e-02
 -2.08632970e-01
 -2.08632970e-01
 -3.48364768e-02
 1.41118427e-01
 1.77614378e-01
 1.01571232e-01
 2.65357214e-02
 1.79827739e-03
 -1.00962905e-02
 5.21182509e-03
 7.18513876e-02
 1.20057158e-01
 5.74404049e-02
 -8.51232262e-02
 -1.61102024e-01
 -8.51232262e-02
 5.74404049e-02
 1.20057158e-01
 7.18513876e-02
 5.21182509e-03
 -1.00962905e-02
 -6.91588987e-02
 -1.02319259e-01
 -4.86908787e-02
 2.41489987e-02
 3.72471029e-02
 9.62518697e-03
 9.62518697e-03
 3.72471029e-02
 2.41489987e-02
 -4.86908787e-02
 -1.02319259e-01
 -6.91588987e-02
 -1.36743400e-01
 -1.83385110e-01
 -1.02102581e-01
 2.12305847e-02
 1.04061341e-01
 1.29242950e-01
 1.04061341e-01
 2.12305847e-02
 -1.02102581e-01
 -1.83385110e-01
 -1.36743400e-01
 -1.27477540e-01
 -1.29528438e-01
 -4.39259345e-02
 5.54586178e-02
 1.14255550e-01
 1.14255550e-01
 5.54586178e-02
 -4.39259345e-02
 -1.29528438e-01
 -1.27477540e-01
 -5.23647831e-02
 -3.98587665e-02
 4.50261259e-02
 1.07666924e-01
 5.79295077e-02
 -5.79295077e-02
 -1.07666924e-01
 -4.50261259e-02
 3.98587665e-02
 5.23647831e-02
 -4.02470066e-02
 -9.68345123e-02
 -3.05093616e-02
 1.14844211e-01
 1.46006040e-01
 -1.81553759e-15
 -1.46006040e-01
 -1.14844211e-01
 3.05093616e-02
 9.68345123e-02
 4.02470066e-02
 6.01336739e-02
 -4.69287704e-02
 -1.17294543e-01
 -8.97346363e-03
 1.28841632e-01
 8.40712509e-02
 -8.40712509e-02
 -1.28841632e-01
 8.97346363e-03
 1.17294543e-01
 4.69287704e-02
 -6.01336739e-02
 1.73915741e-01
 1.16451357e-01
 -8.07809996e-02
 -1.32310445e-01
 6.10722748e-03
 9.32998279e-02
 1.86474221e-15
 -9.32998279e-02
 -6.10722748e-03
 1.32310445e-01
 8.07809996e-02
 -1.16451357e-01
 -1.73915741e-01
 1.73306174e-01
 2.37769032e-01
 4.93797528e-02
 -1.42255860e-01
 -1.03878554e-01
 4.36572882e-02
 5.25821562e-02
 -5.25821562e-02
 -4.36572882e-02
 1.03878554e-01
 1.42255860e-01
 -4.93797528e-02
 -2.37769032e-01
 -1.73306174e-01
 1.73915741e-01
 1.16451357e-01
 -8.07809996e-02
 -1.32310445e-01
 6.10722748e-03
 9.32998279e-02
 2.05556178e-15
 -9.32998279e-02
 -6.10722748e-03
 1.32310445e-01
 8.07809996e-02
 -1.16451357e-01
 -1.73915741e-01
 6.01336739e-02
 -4.69287704e-02
 -1.17294543e-01
 -8.97346363e-03
 1.28841632e-01
 8.40712509e-02
 -8.40712509e-02
 -1.28841632e-01
 8.97346363e-03
 1.17294543e-01
 4.69287704e-02
 -6.01336739e-02
 -4.02470066e-02
 -9.68345123e-02
 -3.05093616e-02
 1.14844211e-01
 1.46006040e-01
 -6.74956913e-16
 -1.46006040e-01
 -1.14844211e-01
 3.05093616e-02
 9.68345123e-02
 4.02470066e-02
 -5.23647831e-02
 -3.98587665e-02
 4.50261259e-02
 1.07666924e-01
 5.79295077e-02
 -5.79295077e-02
 -1.07666924e-01
 -4.50261259e-02
 3.98587665e-02
 5.23647831e-02
 5.88225203e-17
 -9.59849298e-02
 -1.55306879e-01
 -9.59849298e-02
 3.02721114e-16
 5.35319549e-16
 -9.59849298e-02
 -1.55306879e-01
 -9.59849298e-02
 4.54609878e-17
 9.59849298e-02
 5.54980225e-17
 -1.55306879e-01
 -1.55306879e-01
 3.36241666e-16
 9.59849298e-02
 3.65116938e-16
 -1.55306879e-01
 -1.55306879e-01
 -5.41764719e-18
 9.59849298e-02
 1.55306879e-01
 1.55306879e-01
 -1.08818190e-16
 -9.59849298e-02
 -3.01903843e-16
 1.55306879e-01
 1.55306879e-01
 -3.63961407e-16
 -9.59849298e-02
 -1.38609529e-16
 1.55306879e-01
 1.55306879e-01
 9.59849298e-02
 1.55306879e-01
 9.59849298e-02
 -9.07272931e-17
 -3.90943768e-16
 9.59849298e-02
 1.55306879e-01
 9.59849298e-02
 -3.81970570e-16
 -1.39103248e-16
 9.59849298e-02
 1.55306879e-01
 9.59849298e-02
 3.43716176e-17
 2.46470924e-16
 2.09195777e-17
 8.27322761e-17
 9.02380549e-17
 -7.85540137e-17
 -3.24629755e-17
 -1.01172661e-16
 8.71891605e-17
 3.54983795e-17
 1.76074056e-16
 8.26362177e-17
 3.26252358e-16
 1.53303379e-16
 -9.59849298e-02
 -1.55306879e-01
 -9.59849298e-02
 1.73153572e-16
 4.42927917e-16
 -9.59849298e-02
 -1.55306879e-01
 -9.59849298e-02
 3.41264919e-16
 2.49585111e-16
 -9.59849298e-02
 -1.55306879e-01
 -9.59849298e-02
 -1.55306879e-01
 -1.55306879e-01
 -2.86602852e-17
 9.59849298e-02
 9.54176927e-17
 -1.55306879e-01
 -1.55306879e-01
 3.25226366e-16
 9.59849298e-02
 -1.13288355e-16
 -1.55306879e-01
 -1.55306879e-01
 -9.59849298e-02
 -1.93683833e-16
 1.55306879e-01
 1.55306879e-01
 -3.27684842e-16
 -9.59849298e-02
 -1.62191073e-16
 1.55306879e-01
 1.55306879e-01
 -4.99757671e-16
 -9.59849298e-02
 -2.41971783e-16
 9.59849298e-02
 1.55306879e-01
 9.59849298e-02
 -3.67512378e-16
 -3.08763205e-16
 9.59849298e-02
 1.55306879e-01
 9.59849298e-02
 -3.89975482e-16
 7.20962544e-02
 6.72992577e-02
 6.69428004e-02
 1.28925864e-01
 2.03725216e-01
 2.03725216e-01
 1.28925864e-01
 6.69428004e-02
 6.72992577e-02
 7.20962544e-02
 8.70414353e-02
 7.10153360e-02
 3.07348433e-04
 1.27150667e-02
 1.19609015e-01
 1.84537281e-01
 1.19609015e-01
 1.27150667e-02
 3.07348433e-04
 7.10153360e-02
 8.70414353e-02
 7.16459036e-02
 5.73136749e-02
 -6.20806398e-02
 -1.54931122e-01
 -1.21109582e-01
 -3.49240404e-02
 -3.49240404e-02
 -1.21109582e-01
 -1.54931122e-01
 -6.20806398e-02
 5.73136749e-02
 7.16459036e-02
 3.66572237e-02
 4.29360039e-02
 -3.14088960e-02
 -1.36345902e-01
 -1.77764742e-01
 -1.43264403e-01
 -1.14012653e-01
 -1.43264403e-01
 -1.77764742e-01
 -1.36345902e-01
 -3.14088960e-02
 4.29360039e-02
 3.66572237e-02
 -3.56178495e-16
 9.37663895e-17
 -1.89887922e-16
 -1.46031230e-15
 -8.00251374e-16
 1.07438416e-15
 1.03492464e-15
 -5.85742568e-16
 -1.38169769e-15
 -1.90211114e-16
 1.62386957e-15
 9.19400290e-16
 -1.75947202e-15
 -1.98147548e-15
 -3.66572237e-02
 -4.29360039e-02
 3.14088960e-02
 1.36345902e-01
 1.77764742e-01
 1.43264403e-01
 1.14012653e-01
 1.43264403e-01
 1.77764742e-01
 1.36345902e-01
 3.14088960e-02
 -4.29360039e-02
 -3.66572237e-02
 -7.16459036e-02
 -5.73136749e-02
 6.20806398e-02
 1.54931122e-01
 1.21109582e-01
 3.49240404e-02
 3.49240404e-02
 1.21109582e-01
 1.54931122e-01
 6.20806398e-02
 -5.73136749e-02
 -7.16459036e-02
 -8.70414353e-02
 -7.10153360e-02
 -3.07348433e-04
 -1.27150667e-02
 -1.19609015e-01
 -1.84537281e-01
 -1.19609015e-01
 -1.27150667e-02
 -3.07348433e-04
 -7.10153360e-02
 -8.70414353e-02
 -7.20962544e-02
 -6.72992577e-02
 -6.69428004e-02
 -1.28925864e-01
 -2.03725216e-01
 -2.03725216e-01
 -1.28925864e-01
 -6.69428004e-02
 -6.72992577e-02
 -7.20962544e-02
 1.19860410e-01
 1.87773047e-01
 1.66483561e-01
 9.13252323e-02
 2.49001360e-02
 -2.49001360e-02
 -9.13252323e-02
 -1.66483561e-01
 -1.87773047e-01
 -1.19860410e-01
 3.86956408e-02
 1.25009870e-01
 1.39271673e-01
 6.98262921e-02
 6.59203994e-03
 -1.98877576e-15
 -6.59203994e-03
 -6.98262921e-02
 -1.39271673e-01
 -1.25009870e-01
 -3.86956408e-02
 -6.62281470e-02
 -6.51710709e-02
 -5.38508682e-02
 -8.68417746e-02
 -1.12072175e-01
 -5.46489934e-02
 5.46489934e-02
 1.12072175e-01
 8.68417746e-02
 5.38508682e-02
 6.51710709e-02
 6.62281470e-02
 -5.94955064e-02
 -1.08236422e-01
 -1.26497663e-01
 -1.43683272e-01
 -1.54146391e-01
 -1.09421518e-01
 1.27384607e-15
 1.09421518e-01
 1.54146391e-01
 1.43683272e-01
 1.26497663e-01
 1.08236422e-01
 5.94955064e-02
 1.53568402e-15
 -2.54667178e-16
 -6.27255703e-15
 -8.10518439e-15
 3.89916788e-17
 9.67006139e-15
 5.88927032e-15
 -5.64586981e-15
 -8.82088193e-15
 -9.03853805e-16
 6.73272212e-15
 5.63862394e-15
 1.13336926e-16
 -1.20528941e-15
 5.94955064e-02
 1.08236422e-01
 1.26497663e-01
 1.43683272e-01
 1.54146391e-01
 1.09421518e-01
 -6.68425886e-16
 -1.09421518e-01
 -1.54146391e-01
 -1.43683272e-01
 -1.26497663e-01
 -1.08236422e-01
 -5.94955064e-02
 6.62281470e-02
 6.51710709e-02
 5.38508682e-02
 8.68417746e-02
 1.12072175e-01
 5.46489934e-02
 -5.46489934e-02
 -1.12072175e-01
 -8.68417746e-02
 -5.38508682e-02
 -6.51710709e-02
 -6.62281470e-02
 -3.86956408e-02
 -1.25009870e-01
 -1.39271673e-01
 -6.98262921e-02
 -6.59203994e-03
 7.92436592e-16
 6.59203994e-03
 6.98262921e-02
 1.39271673e-01
 1.25009870e-01
 3.86956408e-02
 -1.19860410e-01
 -1.87773047e-01
 -1.66483561e-01
 -9.13252323e-02
 -2.49001360e-02
 2.49001360e-02
 9.13252323e-02
 1.66483561e-01
 1.87773047e-01
 1.19860410e-01
 1.22278693e-01
 5.90057483e-02
 -6.73195525e-02
 -1.14120381e-01
 -5.27514571e-02
 5.27514571e-02
 1.14120381e-01
 6.73195525e-02
 -5.90057483e-02
 -1.22278693e-01
 1.59012193e-01
 1.37468145e-01
 -2.08869960e-02
 -1.19708380e-01
 -9.19890197e-02
 -9.24856560e-16
 9.19890197e-02
 1.19708380e-01
 2.08869960e-02
 -1.37468145e-01
 -1.59012193e-01
 1.06678962e-01
 9.58511532e-02
 -1.56162476e-02
 -5.45519553e-02
 8.54180858e-04
 1.82974642e-02
 -1.82974642e-02
 -8.54180858e-04
 5.45519553e-02
 1.56162476e-02
 -9.58511532e-02
 -1.06678962e-01
 5.19222184e-02
 3.34930636e-03
 -1.12235871e-01
 -9.10437075e-02
 8.78088355e-02
 1.62626312e-01
 2.43899329e-16
 -1.62626312e-01
 -8.78088355e-02
 9.10437075e-02
 1.12235871e-01
 -3.34930636e-03
 -5.19222184e-02
 3.70506075e-02
 3.86832206e-03
 -1.36347751e-01
 -1.82482553e-01
 1.23974094e-02
 2.24993789e-01
 1.40829578e-01
 -1.40829578e-01
 -2.24993789e-01
 -1.23974094e-02
 1.82482553e-01
 1.36347751e-01
 -3.86832206e-03
 -3.70506075e-02
 5.19222184e-02
 3.34930636e-03
 -1.12235871e-01
 -9.10437075e-02
 8.78088355e-02
 1.62626312e-01
 -1.28719131e-15
 -1.62626312e-01
 -8.78088355e-02
 9.10437075e-02
 1.12235871e-01
 -3.34930636e-03
 -5.19222184e-02
 1.06678962e-01
 9.58511532e-02
 -1.56162476e-02
 -5.45519553e-02
 8.54180858e-04
 1.82974642e-02
 -1.82974642e-02
 -8.54180858e-04
 5.45519553e-02
 1.56162476e-02
 -9.58511532e-02
 -1.06678962e-01
 1.59012193e-01
 1.37468145e-01
 -2.08869960e-02
 -1.19708380e-01
 -9.19890197e-02
 1.13932606e-15
 9.19890197e-02
 1.19708380e-01
 2.08869960e-02
 -1.37468145e-01
 -1.59012193e-01
 1.22278693e-01
 5.90057483e-02
 -6.73195525e-02
 -1.14120381e-01
 -5.27514571e-02
 5.27514571e-02
 1.14120381e-01
 6.73195525e-02
 -5.90057483e-02
 -1.22278693e-01
 5.25913925e-02
 -2.32681561e-02
 -1.08375791e-01
 -4.49030042e-02
 9.21192376e-02
 9.21192376e-02
 -4.49030042e-02
 -1.08375791e-01
 -2.32681561e-02
 5.25913925e-02
 8.89407329e-02
 7.81920968e-02
 -8.60581464e-02
 -1.42234563e-01
 3.56581632e-02
 1.69119388e-01
 3.56581632e-02
 -1.42234563e-01
 -8.60581464e-02
 7.81920968e-02
 8.89407329e-02
 -3.59002953e-03
 1.16105470e-01
 6.55845547e-02
 -1.05311706e-01
 -8.00946505e-02
 1.03537121e-01
 1.03537121e-01
 -8.00946505e-02
 -1.05311706e-01
 6.55845547e-02
 1.16105470e-01
 -3.59002953e-03
 -1.72741387e-01
 -4.21254046e-02
 1.30606593e-01
 4.58733884e-02
 -9.11525953e-02
 -1.95967365e-02
 7.46043189e-02
 -1.95967365e-02
 -9.11525953e-02
 4.58733884e-02
 1.30606593e-01
 -4.21254046e-02
 -1.72741387e-01
 -2.06746302e-01
 -2.20075349e-01
 3.44599213e-02
 1.37378689e-01
 -1.16180794e-02
 -7.86017342e-02
 1.81003250e-02
 1.81003250e-02
 -7.86017342e-02
 -1.16180794e-02
 1.37378689e-01
 3.44599213e-02
 -2.20075349e-01
 -2.06746302e-01
 -1.72741387e-01
 -4.21254046e-02
 1.30606593e-01
 4.58733884e-02
 -9.11525953e-02
 -1.95967365e-02
 7.46043189e-02
 -1.95967365e-02
 -9.11525953e-02
 4.58733884e-02
 1.30606593e-01
 -4.21254046e-02
 -1.72741387e-01
 -3.59002953e-03
 1.16105470e-01
 6.55845547e-02
 -1.05311706e-01
 -8.00946505e-02
 1.03537121e-01
 1.03537121e-01
 -8.00946505e-02
 -1.05311706e-01
 6.55845547e-02
 1.16105470e-01
 -3.59002953e-03
 8.89407329e-02
 7.81920968e-02
 -8.60581464e-02
 -1.42234563e-01
 3.56581632e-02
 1.69119388e-01
 3.56581632e-02
 -1.42234563e-01
 -8.60581464e-02
 7.81920968e-02
 8.89407329e-02
 5.25913925e-02
 -2.32681561e-02
 -1.08375791e-01
 -4.49030042e-02
 9.21192376e-02
 9.21192376e-02
 -4.49030042e-02
 -1.08375791e-01
 -2.32681561e-02
 5.25913925e-02
 -1.70128237e-01
 -1.71348614e-01
 -4.03569411e-02
 8.11192186e-02
 1.26698217e-01
 1.26698217e-01
 8.11192186e-02
 -4.03569411e-02
 -1.71348614e-01
 -1.70128237e-01
 -9.98574606e-02
 -1.58768995e-01
 -6.38052275e-02
 5.20381588e-02
 6.66379238e-02
 4.57564747e-02
 6.66379238e-02
 5.20381588e-02
 -6.38052275e-02
 -1.58768995e-01
 -9.98574606e-02
 4.02223455e-02
 3.62992702e-02
 6.75740752e-02
 8.96036231e-02
 -1.67950648e-03
 -1.35514630e-01
 -1.35514630e-01
 -1.67950648e-03
 8.96036231e-02
 6.75740752e-02
 3.62992702e-02
 4.02223455e-02
 5.82409812e-02
 1.06973502e-01
 1.35597808e-01
 1.31857445e-01
 4.04755469e-02
 -1.17485338e-01
 -2.00208995e-01
 -1.17485338e-01
 4.04755469e-02
 1.31857445e-01
 1.35597808e-01
 1.06973502e-01
 5.82409812e-02
 2.85487868e-16
 6.84253907e-17
 -1.95953891e-16
 -6.54459543e-16
 -1.48276336e-16
 2.03623520e-18
 -2.63354165e-16
 -2.67244823e-16
 -3.38040805e-16
 -1.57331090e-16
 1.28364964e-16
 3.63816552e-16
 4.55090991e-16
 5.12152522e-16
 -5.82409812e-02
 -1.06973502e-01
 -1.35597808e-01
 -1.31857445e-01
 -4.04755469e-02
 1.17485338e-01
 2.00208995e-01
 1.17485338e-01
 -4.04755469e-02
 -1.31857445e-01
 -1.35597808e-01
 -1.06973502e-01
 -5.82409812e-02
 -4.02223455e-02
 -3.62992702e-02
 -6.75740752e-02
 -8.96036231e-02
 1.67950648e-03
 1.35514630e-01
 1.35514630e-01
 1.67950648e-03
 -8.96036231e-02
 -6.75740752e-02
 -3.62992702e-02
 -4.02223455e-02
 9.98574606e-02
 1.58768995e-01
 6.38052275e-02
 -5.20381588e-02
 -6.66379238e-02
 -4.57564747e-02
 -6.66379238e-02
 -5.20381588e-02
 6.38052275e-02
 1.58768995e-01
 9.98574606e-02
 1.70128237e-01
 1.71348614e-01
 4.03569411e-02
 -8.11192186e-02
 -1.26698217e-01
 -1.26698217e-01
 -8.11192186e-02
 4.03569411e-02
 1.71348614e-01
 1.70128237e-01
 2.66832032e-03
 4.76919881e-02
 -3.12067415e-02
 -1.52181944e-01
 -9.47576013e-02
 9.47576013e-02
 1.52181944e-01
 3.12067415e-02
 -4.76919881e-02
 -2.66832032e-03
 -8.76782821e-02
 4.67113895e-02
 1.02027433e-01
 -7.61893215e-02
 -1.81397777e-01
 5.49709485e-16
 1.81397777e-01
 7.61893215e-02
 -1.02027433e-01
 -4.67113895e-02
 8.76782821e-02
 -1.83174466e-01
 -8.71850163e-02
 1.40204509e-01
 1.29932801e-01
 -5.91973664e-02
 -7.48592687e-02
 7.48592687e-02
 5.91973664e-02
 -1.29932801e-01
 -1.40204509e-01
 8.71850163e-02
 1.83174466e-01
 -1.33502302e-01
 -1.53297777e-01
 1.74980559e-02
 1.44379473e-01
 7.62511335e-02
 -2.29355249e-02
 -1.00313954e-15
 2.29355249e-02
 -7.62511335e-02
 -1.44379473e-01
 -1.74980559e-02
 1.53297777e-01
 1.33502302e-01
 4.86813605e-16
 3.62669081e-16
 -4.86904610e-17
 -1.67658176e-19
 6.70061542e-16
 3.83496149e-16
 -2.17020174e-17
 1.51948098e-16
 2.89261628e-16
 -3.49302031e-16
 1.09262165e-16
 3.05861965e-16
 -6.43673983e-16
 -1.00672599e-15
 1.33502302e-01
 1.53297777e-01
 -1.74980559e-02
 -1.44379473e-01
 -7.62511335e-02
 2.29355249e-02
 1.05395249e-15
 -2.29355249e-02
 7.62511335e-02
 1.44379473e-01
 1.74980559e-02
 -1.53297777e-01
 -1.33502302e-01
 1.83174466e-01
 8.71850163e-02
 -1.40204509e-01
 -1.29932801e-01
 5.91973664e-02
 7.48592687e-02
 -7.48592687e-02
 -5.91973664e-02
 1.29932801e-01
 1.40204509e-01
 -8.71850163e-02
 -1.83174466e-01
 8.76782821e-02
 -4.67113895e-02
 -1.02027433e-01
 7.61893215e-02
 1.81397777e-01
 -3.78123254e-16
 -1.81397777e-01
 -7.61893215e-02
 1.02027433e-01
 4.67113895e-02
 -8.76782821e-02
 -2.66832032e-03
 -4.76919881e-02
 3.12067415e-02
 1.52181944e-01
 9.47576013e-02
 -9.47576013e-02
 -1.52181944e-01
 -3.12067415e-02
 4.76919881e-02
 2.66832032e-03
 -8.50360295e-02
 3.57481343e-02
 1.24230069e-01
 4.80405527e-02
 -6.99019380e-02
 -6.99019380e-02
 4.80405527e-02
 1.24230069e-01
 3.57481343e-02
 -8.50360295e-02
 -1.60072704e-01
 -6.29587916e-02
 1.02496448e-01
 8.73191833e-02
 -3.58427946e-02
 -9.62478568e-02
 -3.58427946e-02
 8.73191833e-02
 1.02496448e-01
 -6.29587916e-02
 -1.60072704e-01
 -1.32647638e-01
 -7.19016846e-02
 4.01053860e-02
 1.29420881e-03
 -4.79067033e-02
 -2.43413214e-04
 -2.43413214e-04
 -4.79067033e-02
 1.29420881e-03
 4.01053860e-02
 -7.19016846e-02
 -1.32647638e-01
 -8.25780122e-02
 2.24092271e-02
 1.34808242e-01
 -1.54103155e-02
 -1.63753633e-01
 5.71671929e-03
 1.73987955e-01
 5.71671929e-03
 -1.63753633e-01
 -1.54103155e-02
 1.34808242e-01
 2.24092271e-02
 -8.25780122e-02
 -7.39406160e-02
 2.30920268e-03
 1.99363975e-01
 1.22335101e-01
 -1.68728986e-01
 -1.35615944e-01
 1.86122241e-01
 1.86122241e-01
 -1.35615944e-01
 -1.68728986e-01
 1.22335101e-01
 1.99363975e-01
 2.30920268e-03
 -7.39406160e-02
 -8.25780122e-02
 2.24092271e-02
 1.34808242e-01
 -1.54103155e-02
 -1.63753633e-01
 5.71671929e-03
 1.73987955e-01
 5.71671929e-03
 -1.63753633e-01
 -1.54103155e-02
 1.34808242e-01
 2.24092271e-02
 -8.25780122e-02
 -1.32647638e-01
 -7.19016846e-02
 4.01053860e-02
 1.29420881e-03
 -4.79067033e-02
 -2.43413214e-04
 -2.43413214e-04
 -4.79067033e-02
 1.29420881e-03
 4.01053860e-02
 -7.19016846e-02
 -1.32647638e-01
 -1.60072704e-01
 -6.29587916e-02
 1.02496448e-01
 8.73191833e-02
 -3.58427946e-02
 -9.62478568e-02
 -3.58427946e-02
 8.73191833e-02
 1.02496448e-01
 -6.29587916e-02
 -1.60072704e-01
 -8.50360295e-02
 3.57481343e-02
 1.24230069e-01
 4.80405527e-02
 -6.99019380e-02
 -6.99019380e-02
 4.80405527e-02
 1.24230069e-01
 3.57481343e-02
 -8.50360295e-02
 -5.85782020e-04
 -1.13381536e-01
 -9.08933321e-02
 7.00422194e-02
 7.53700202e-02
 -7.53700202e-02
 -7.00422194e-02
 9.08933321e-02
 1.13381536e-01
 5.85782020e-04
 1.11646154e-01
 5.17792415e-04
 -1.44710157e-01
 -8.78696455e-04
 1.61989677e-01
 -1.88950465e-16
 -1.61989677e-01
 8.78696455e-04
 1.44710157e-01
 -5.17792415e-04
 -1.11646154e-01
 7.50418579e-02
 1.57090498e-01
 -8.98291000e-03
 -8.71715335e-02
 8.89166938e-02
 1.03256674e-01
 -1.03256674e-01
 -8.89166938e-02
 8.71715335e-02
 8.98291000e-03
 -1.57090498e-01
 -7.50418579e-02
 -1.49271820e-01
 3.65149352e-02
 1.11785794e-01
 -5.61840029e-02
 -5.93530774e-02
 6.69765449e-02
 6.71779318e-16
 -6.69765449e-02
 5.93530774e-02
 5.61840029e-02
 -1.11785794e-01
 -3.65149352e-02
 1.49271820e-01
 -2.33995766e-01
 -1.87832980e-01
 6.90855050e-02
 3.48305918e-02
 -1.07891258e-01
 -2.80159812e-02
 3.44111398e-02
 -3.44111398e-02
 2.80159812e-02
 1.07891258e-01
 -3.48305918e-02
 -6.90855050e-02
 1.87832980e-01
 2.33995766e-01
 -1.49271820e-01
 3.65149352e-02
 1.11785794e-01
 -5.61840029e-02
 -5.93530774e-02
 6.69765449e-02
 8.24453401e-16
 -6.69765449e-02
 5.93530774e-02
 5.61840029e-02
 -1.11785794e-01
 -3.65149352e-02
 1.49271820e-01
 7.50418579e-02
 1.57090498e-01
 -8.98291000e-03
 -8.71715335e-02
 8.89166938e-02
 1.03256674e-01
 -1.03256674e-01
 -8.89166938e-02
 8.71715335e-02
 8.98291000e-03
 -1.57090498e-01
 -7.50418579e-02
 1.11646154e-01
 5.17792415e-04
 -1.44710157e-01
 -8.78696455e-04
 1.61989677e-01
 -3.07497863e-16
 -1.61989677e-01
 8.78696455e-04
 1.44710157e-01
 -5.17792415e-04
 -1.11646154e-01
 -5.85782020e-04
 -1.13381536e-01
 -9.08933321e-02
 7.00422194e-02
 7.53700202e-02
 -7.53700202e-02
 -7.00422194e-02
 9.08933321e-02
 1.13381536e-01
 5.85782020e-04
 -1.85068857e-01
 -7.47906203e-02
 1.05607600e-01
 1.26495092e-01
 4.42084781e-02
 -4.42084781e-02
 -1.26495092e-01
 -1.05607600e-01
 7.47906203e-02
 1.85068857e-01
 -1.59881494e-01
 -1.29339043e-01
 6.16949424e-02
 9.43197310e-02
 4.66685607e-03
 9.52221813e-16
 -4.66685607e-03
 -9.43197310e-02
 -6.16949424e-02
 1.29339043e-01
 1.59881494e-01
 -1.00945090e-02
 1.00321699e-02
 9.36174383e-02
 3.19324169e-02
 -1.44879825e-01
 -1.10964257e-01
 1.10964257e-01
 1.44879825e-01
 -3.19324169e-02
 -9.36174383e-02
 -1.00321699e-02
 1.00945090e-02
 4.04125981e-02
 8.95818785e-02
 1.35847962e-01
 7.39672983e-02
 -1.15911848e-01
 -1.89006418e-01
 1.77142991e-15
 1.89006418e-01
 1.15911848e-01
 -7.39672983e-02
 -1.35847962e-01
 -8.95818785e-02
 -4.04125981e-02
 -5.06810200e-16
 3.10445940e-16
 1.93422832e-15
 2.25656129e-15
 1.92919376e-15
 3.92998698e-15
 5.53537431e-15
 3.92081615e-15
 2.99697192e-15
 2.73566115e-15
 1.83928053e-15
 1.03609298e-15
 3.80225361e-16
 3.73152742e-16
 -4.04125981e-02
 -8.95818785e-02
 -1.35847962e-01
 -7.39672983e-02
 1.15911848e-01
 1.89006418e-01
 3.06306384e-16
 -1.89006418e-01
 -1.15911848e-01
 7.39672983e-02
 1.35847962e-01
 8.95818785e-02
 4.04125981e-02
 1.00945090e-02
 -1.00321699e-02
 -9.36174383e-02
 -3.19324169e-02
 1.44879825e-01
 1.10964257e-01
 -1.10964257e-01
 -1.44879825e-01
 3.19324169e-02
 9.36174383e-02
 1.00321699e-02
 -1.00945090e-02
 1.59881494e-01
 1.29339043e-01
 -6.16949424e-02
 -9.43197310e-02
 -4.66685607e-03
 -8.15099302e-16
 4.66685607e-03
 9.43197310e-02
 6.16949424e-02
 -1.29339043e-01
 -1.59881494e-01
 1.85068857e-01
 7.47906203e-02
 -1.05607600e-01
 -1.26495092e-01
 -4.42084781e-02
 4.42084781e-02
 1.26495092e-01
 1.05607600e-01
 -7.47906203e-02
 -1.85068857e-01
 8.25418699e-02
 1.17348252e-01
 1.23503510e-01
 1.54349391e-01
 1.99053720e-01
 1.99053720e-01
 1.54349391e-01
 1.23503510e-01
 1.17348252e-01
 8.25418699e-02
 1.52463969e-02
 2.64640550e-02
 -6.37861373e-03
 -2.73269872e-02
 2.20200728e-03
 2.79726546e-02
 2.20200728e-03
 -2.73269872e-02
 -6.37861373e-03
 2.64640550e-02
 1.52463969e-02
 -2.33109152e-02
 -5.63151067e-02
 -1.01446397e-01
 -1.50834061e-01
 -1.75501510e-01
 -1.74303986e-01
 -1.74303986e-01
 -1.75501510e-01
 -1.50834061e-01
 -1.01446397e-01
 -5.63151067e-02
 -2.33109152e-02
 7.31800576e-03
 -1.11695765e-02
 -1.43031285e-02
 5.87900737e-03
 1.41163153e-02
 -2.04580511e-03
 -1.42082405e-02
 -2.04580511e-03
 1.41163153e-02
 5.87900737e-03
 -1.43031285e-02
 -1.11695765e-02
 7.31800576e-03
 2.15982953e-02
 2.69840396e-02
 3.81032606e-02
 9.73865937e-02
 1.66409562e-01
 1.83295035e-01
 1.62660106e-01
 1.62660106e-01
 1.83295035e-01
 1.66409562e-01
 9.73865937e-02
 3.81032606e-02
 2.69840396e-02
 2.15982953e-02
 7.31800576e-03
 -1.11695765e-02
 -1.43031285e-02
 5.87900737e-03
 1.41163153e-02
 -2.04580511e-03
 -1.42082405e-02
 -2.04580511e-03
 1.41163153e-02
 5.87900737e-03
 -1.43031285e-02
 -1.11695765e-02
 7.31800576e-03
 -2.33109152e-02
 -5.63151067e-02
 -1.01446397e-01
 -1.50834061e-01
 -1.75501510e-01
 -1.74303986e-01
 -1.74303986e-01
 -1.75501510e-01
 -1.50834061e-01
 -1.01446397e-01
 -5.63151067e-02
 -2.33109152e-02
 1.52463969e-02
 2.64640550e-02
 -6.37861373e-03
 -2.73269872e-02
 2.20200728e-03
 2.79726546e-02
 2.20200728e-03
 -2.73269872e-02
 -6.37861373e-03
 2.64640550e-02
 1.52463969e-02
 8.25418699e-02
 1.17348252e-01
 1.23503510e-01
 1.54349391e-01
 1.99053720e-01
 1.99053720e-01
 1.54349391e-01
 1.23503510e-01
 1.17348252e-01
 8.25418699e-02
 5.00576982e-02
 3.66914067e-03
 -1.34899648e-01
 -8.02926721e-02
 1.38606332e-01
 1.38606332e-01
 -8.02926721e-02
 -1.34899648e-01
 3.66914067e-03
 5.00576982e-02
 -1.34917390e-02
 1.03347465e-01
 -1.16503075e-02
 -1.63764749e-01
 1.00439470e-02
 1.90606332e-01
 1.00439470e-02
 -1.63764749e-01
 -1.16503075e-02
 1.03347465e-01
 -1.34917390e-02
 -1.79863361e-01
 1.25102502e-03
 1.63252522e-01
 6.62851892e-03
 -9.57982857e-02
 2.94085638e-02
 2.94085638e-02
 -9.57982857e-02
 6.62851892e-03
 1.63252522e-01
 1.25102502e-03
 -1.79863361e-01
 -1.75595838e-01
 -1.48209599e-01
 7.73020551e-02
 1.28132677e-01
 -7.78752064e-03
 -5.35126565e-02
 -2.58026651e-02
 -5.35126565e-02
 -7.78752064e-03
 1.28132677e-01
 7.73020551e-02
 -1.48209599e-01
 -1.75595838e-01
 -9.66080523e-16
 -1.33697589e-15
 -2.06070563e-15
 -3.33169920e-15
 -5.42024460e-15
 -7.86894756e-15
 -8.76694069e-15
 -8.31818295e-15
 -8.26294715e-15
 -8.33577972e-15
 -5.67074762e-15
 -2.27477721e-15
 -1.40653623e-16
 -1.79772268e-16
 1.75595838e-01
 1.48209599e-01
 -7.73020551e-02
 -1.28132677e-01
 7.78752064e-03
 5.35126565e-02
 2.58026651e-02
 5.35126565e-02
 7.78752064e-03
 -1.28132677e-01
 -7.73020551e-02
 1.48209599e-01
 1.75595838e-01
 1.79863361e-01
 -1.25102502e-03
 -1.63252522e-01
 -6.62851892e-03
 9.57982857e-02
 -2.94085638e-02
 -2.94085638e-02
 9.57982857e-02
 -6.62851892e-03
 -1.63252522e-01
 -1.25102502e-03
 1.79863361e-01
 1.34917390e-02
 -1.03347465e-01
 1.16503075e-02
 1.63764749e-01
 -1.00439470e-02
 -1.90606332e-01
 -1.00439470e-02
 1.63764749e-01
 1.16503075e-02
 -1.03347465e-01
 1.34917390e-02
 -5.00576982e-02
 -3.66914067e-03
 1.34899648e-01
 8.02926721e-02
 -1.38606332e-01
 -1.38606332e-01
 8.02926721e-02
 1.34899648e-01
 -3.66914067e-03
 -5.00576982e-02
 -1.20257237e-01
 -1.78595525e-01
 -1.61165851e-01
 -1.21988386e-01
 -5.06136887e-02
 5.06136887e-02
 1.21988386e-01
 1.61165851e-01
 1.78595525e-01
 1.20257237e-01
 3.25992841e-03
 -3.14787424e-02
 5.75927247e-03
 1.76570463e-02
 -1.56690169e-02
 1.21543911e-15
 1.56690169e-02
 -1.76570463e-02
 -5.75927247e-03
 3.14787424e-02
 -3.25992841e-03
 7.52282916e-02
 8.21140029e-02
 1.53583479e-01
 2.09904195e-01
 1.13525779e-01
 1.44722030e-02
 -1.44722030e-02
 -1.13525779e-01
 -2.09904195e-01
 -1.53583479e-01
 -8.21140029e-02
 -7.52282916e-02
 5.81147231e-02
 -1.41135767e-02
 -4.52624887e-02
 4.30914466e-02
 2.73691286e-02
 -5.84957522e-02
 -4.10340580e-16
 5.84957522e-02
 -2.73691286e-02
 -4.30914466e-02
 4.52624887e-02
 1.41135767e-02
 -5.81147231e-02
 5.70116902e-02
 -1.81826651e-02
 -1.76283917e-01
 -1.66232336e-01
 -1.05254762e-01
 -1.55702402e-01
 -1.00263729e-01
 1.00263729e-01
 1.55702402e-01
 1.05254762e-01
 1.66232336e-01
 1.76283917e-01
 1.81826651e-02
 -5.70116902e-02
 5.81147231e-02
 -1.41135767e-02
 -4.52624887e-02
 4.30914466e-02
 2.73691286e-02
 -5.84957522e-02
 8.11510050e-17
 5.84957522e-02
 -2.73691286e-02
 -4.30914466e-02
 4.52624887e-02
 1.41135767e-02
 -5.81147231e-02
 7.52282916e-02
 8.21140029e-02
 1.53583479e-01
 2.09904195e-01
 1.13525779e-01
 1.44722030e-02
 -1.44722030e-02
 -1.13525779e-01
 -2.09904195e-01
 -1.53583479e-01
 -8.21140029e-02
 -7.52282916e-02
 3.25992841e-03
 -3.14787424e-02
 5.75927247e-03
 1.76570463e-02
 -1.56690169e-02
 -2.59937554e-16
 1.56690169e-02
 -1.76570463e-02
 -5.75927247e-03
 3.14787424e-02
 -3.25992841e-03
 -1.20257237e-01
 -1.78595525e-01
 -1.61165851e-01
 -1.21988386e-01
 -5.06136887e-02
 5.06136887e-02
 1.21988386e-01
 1.61165851e-01
 1.78595525e-01
 1.20257237e-01
 -1.36067666e-01
 -1.77946549e-01
 9.03625138e-03
 1.33835213e-01
 5.84960931e-02
 5.84960931e-02
 1.33835213e-01
 9.03625138e-03
 -1.77946549e-01
 -1.36067666e-01
 5.85476255e-02
 -8.54923070e-02
 -5.54288952e-02
 1.13147054e-01
 2.08501950e-02
 -1.25097853e-01
 2.08501950e-02
 1.13147054e-01
 -5.54288952e-02
 -8.54923070e-02
 5.85476255e-02
 1.47814880e-01
 1.61906340e-01
 2.02544913e-02
 3.75360095e-02
 2.45485077e-02
 -1.73532709e-01
 -1.73532709e-01
 2.45485077e-02
 3.75360095e-02
 2.02544913e-02
 1.61906340e-01
 1.47814880e-01
 -6.80485906e-02
 7.01748554e-02
 3.24996623e-02
 -6.05215165e-02
 1.45222303e-02
 2.44424601e-02
 -3.25168404e-02
 2.44424601e-02
 1.45222303e-02
 -6.05215165e-02
 3.24996623e-02
 7.01748554e-02
 -6.80485906e-02
 -1.82198911e-01
 -1.38258660e-01
 -3.02440560e-02
 -1.12631994e-01
 -8.33139380e-02
 7.91761091e-02
 1.24608255e-01
 1.24608255e-01
 7.91761091e-02
 -8.33139380e-02
 -1.12631994e-01
 -3.02440560e-02
 -1.38258660e-01
 -1.82198911e-01
 -6.80485906e-02
 7.01748554e-02
 3.24996623e-02
 -6.05215165e-02
 1.45222303e-02
 2.44424601e-02
 -3.25168404e-02
 2.44424601e-02
 1.45222303e-02
 -6.05215165e-02
 3.24996623e-02
 7.01748554e-02
 -6.80485906e-02
 1.47814880e-01
 1.61906340e-01
 2.02544913e-02
 3.75360095e-02
 2.45485077e-02
 -1.73532709e-01
 -1.73532709e-01
 2.45485077e-02
 3.75360095e-02
 2.02544913e-02
 1.61906340e-01
 1.47814880e-01
 5.85476255e-02
 -8.54923070e-02
 -5.54288952e-02
 1.13147054e-01
 2.08501950e-02
 -1.25097853e-01
 2.08501950e-02
 1.13147054e-01
 -5.54288952e-02
 -8.54923070e-02
 5.85476255e-02
 -1.36067666e-01
 -1.77946549e-01
 9.03625138e-03
 1.33835213e-01
 5.84960931e-02
 5.84960931e-02
 1.33835213e-01
 9.03625138e-03
 -1.77946549e-01
 -1.36067666e-01
 -7.20610989e-02
 3.97013086e-02
 9.92562480e-03
 -1.31957350e-01
 -9.38092000e-02
 9.38092000e-02
 1.31957350e-01
 -9.92562480e-03
 -3.97013086e-02
 7.20610989e-02
 -1.47931632e-01
 3.43968715e-03
 1.16429092e-01
 -9.73929101e-03
 -9.82683899e-02
 -2.15592971e-15
 9.82683899e-02
 9.73929101e-03
 -1.16429092e-01
 -3.43968715e-03
 1.47931632e-01
 -1.30154859e-01
 -1.63446506e-02
 8.52089451e-02
 4.07739201e-02
 4.89343093e-02
 4.36704759e-02
 -4.36704759e-02
 -4.89343093e-02
 -4.07739201e-02
 -8.52089451e-02
 1.63446506e-02
 1.30154859e-01
 -9.12980199e-02
 6.63042149e-02
 9.93653923e-02
 -1.19753318e-01
 -6.17866497e-02
 1.56509791e-01
 -2.15761936e-15
 -1.56509791e-01
 6.17866497e-02
 1.19753318e-01
 -9.93653923e-02
 -6.63042149e-02
 9.12980199e-02
 -1.02481897e-01
 3.35677373e-02
 2.01283425e-01
 -7.22023083e-02
 -2.65503555e-01
 4.91892330e-02
 1.47587837e-01
 -1.47587837e-01
 -4.91892330e-02
 2.65503555e-01
 7.22023083e-02
 -2.01283425e-01
 -3.35677373e-02
 1.02481897e-01
 -9.12980199e-02
 6.63042149e-02
 9.93653923e-02
 -1.19753318e-01
 -6.17866497e-02
 1.56509791e-01
 1.93778840e-16
 -1.56509791e-01
 6.17866497e-02
 1.19753318e-01
 -9.93653923e-02
 -6.63042149e-02
 9.12980199e-02
 -1.30154859e-01
 -1.63446506e-02
 8.52089451e-02
 4.07739201e-02
 4.89343093e-02
 4.36704759e-02
 -4.36704759e-02
 -4.89343093e-02
 -4.07739201e-02
 -8.52089451e-02
 1.63446506e-02
 1.30154859e-01
 -1.47931632e-01
 3.43968715e-03
 1.16429092e-01
 -9.73929101e-03
 -9.82683899e-02
 -3.08612927e-15
 9.82683899e-02
 9.73929101e-03
 -1.16429092e-01
 -3.43968715e-03
 1.47931632e-01
 -7.20610989e-02
 3.97013086e-02
 9.92562480e-03
 -1.31957350e-01
 -9.38092000e-02
 9.38092000e-02
 1.31957350e-01
 -9.92562480e-03
 -3.97013086e-02
 7.20610989e-02
 1.52986527e-01
 -4.57837655e-02
 -1.39736160e-01
 -1.55082144e-02
 7.13313529e-02
 7.13313529e-02
 -1.55082144e-02
 -1.39736160e-01
 -4.57837655e-02
 1.52986527e-01
 1.95639598e-01
 4.76394111e-02
 -1.19993519e-01
 8.95582023e-04
 4.74891705e-02
 -1.12283642e-02
 4.74891705e-02
 8.95582023e-04
 -1.19993519e-01
 4.76394111e-02
 1.95639598e-01
 6.83406867e-02
 -1.64091563e-02
 -1.04940432e-01
 8.70218600e-02
 1.41882998e-01
 -1.26068052e-01
 -1.26068052e-01
 1.41882998e-01
 8.70218600e-02
 -1.04940432e-01
 -1.64091563e-02
 6.83406867e-02
 -9.89403233e-03
 -8.11132123e-02
 -1.46749161e-01
 1.30195750e-02
 1.81475122e-01
 -7.65234305e-03
 -2.07168725e-01
 -7.65234305e-03
 1.81475122e-01
 1.30195750e-02
 -1.46749161e-01
 -8.11132123e-02
 -9.89403233e-03
 3.75730684e-15
 3.69557828e-17
 -4.09344448e-15
 2.01435870e-16
 1.79278377e-15
 -9.27014655e-16
 1.78078587e-15
 3.27176815e-15
 -1.19574148e-15
 -2.03892159e-15
 -5.80445288e-16
 -2.85940249e-15
 8.68792873e-16
 3.90994151e-15
 9.89403233e-03
 8.11132123e-02
 1.46749161e-01
 -1.30195750e-02
 -1.81475122e-01
 7.65234305e-03
 2.07168725e-01
 7.65234305e-03
 -1.81475122e-01
 -1.30195750e-02
 1.46749161e-01
 8.11132123e-02
 9.89403233e-03
 -6.83406867e-02
 1.64091563e-02
 1.04940432e-01
 -8.70218600e-02
 -1.41882998e-01
 1.26068052e-01
 1.26068052e-01
 -1.41882998e-01
 -8.70218600e-02
 1.04940432e-01
 1.64091563e-02
 -6.83406867e-02
 -1.95639598e-01
 -4.76394111e-02
 1.19993519e-01
 -8.95582023e-04
 -4.74891705e-02
 1.12283642e-02
 -4.74891705e-02
 -8.95582023e-04
 1.19993519e-01
 -4.76394111e-02
 -1.95639598e-01
 -1.52986527e-01
 4.57837655e-02
 1.39736160e-01
 1.55082144e-02
 -7.13313529e-02
 -7.13313529e-02
 1.55082144e-02
 1.39736160e-01
 4.57837655e-02
 -1.52986527e-01
 -1.14786850e-01
 -8.26071549e-02
 -8.62375257e-02
 -2.46066667e-02
 1.62443559e-01
 1.62443559e-01
 -2.46066667e-02
 -8.62375257e-02
 -8.26071549e-02
 -1.14786850e-01
 -8.46778293e-02
 2.17993206e-02
 7.45252857e-02
 -7.66125177e-02
 -3.07810363e-02
 9.88319175e-02
 -3.07810363e-02
 -7.66125177e-02
 7.45252857e-02
 2.17993206e-02
 -8.46778293e-02
 -3.14351022e-02
 1.70984026e-02
 2.18077518e-01
 1.00036829e-01
 -1.30038801e-01
 -6.90306661e-02
 -6.90306661e-02
 -1.30038801e-01
 1.00036829e-01
 2.18077518e-01
 1.70984026e-02
 -3.14351022e-02
 1.02574500e-01
 -7.48372390e-02
 -2.72554365e-02
 9.01961831e-02
 -4.93567993e-02
 -3.90724353e-02
 8.25986627e-02
 -3.90724353e-02
 -4.93567993e-02
 9.01961831e-02
 -2.72554365e-02
 -7.48372390e-02
 1.02574500e-01
 1.94681310e-01
 4.15982503e-02
 -1.97432467e-01
 -8.76470806e-02
 -3.95366092e-02
 -4.41420422e-02
 1.60447604e-01
 1.60447604e-01
 -4.41420422e-02
 -3.95366092e-02
 -8.76470806e-02
 -1.97432467e-01
 4.15982503e-02
 1.94681310e-01
 1.02574500e-01
 -7.48372390e-02
 -2.72554365e-02
 9.01961831e-02
 -4.93567993e-02
 -3.90724353e-02
 8.25986627e-02
 -3.90724353e-02
 -4.93567993e-02
 9.01961831e-02
 -2.72554365e-02
 -7.48372390e-02
 1.02574500e-01
 -3.14351022e-02
 1.70984026e-02
 2.18077518e-01
 1.00036829e-01
 -1.30038801e-01
 -6.90306661e-02
 -6.90306661e-02
 -1.30038801e-01
 1.00036829e-01
 2.18077518e-01
 1.70984026e-02
 -3.14351022e-02
 -8.46778293e-02
 2.17993206e-02
 7.45252857e-02
 -7.66125177e-02
 -3.07810363e-02
 9.88319175e-02
 -3.07810363e-02
 -7.66125177e-02
 7.45252857e-02
 2.17993206e-02
 -8.46778293e-02
 -1.14786850e-01
 -8.26071549e-02
 -8.62375257e-02
 -2.46066667e-02
 1.62443559e-01
 1.62443559e-01
 -2.46066667e-02
 -8.62375257e-02
 -8.26071549e-02
 -1.14786850e-01
 4.41906936e-02
 -9.23188321e-02
 -1.21076908e-01
 1.11882281e-01
 1.29726133e-01
 -1.29726133e-01
 -1.11882281e-01
 1.21076908e-01
 9.23188321e-02
 -4.41906936e-02
 6.33440847e-02
 8.33980679e-02
 -1.20207679e-01
 -4.84687813e-02
 1.77608868e-01
 -4.34227296e-15
 -1.77608868e-01
 4.84687813e-02
 1.20207679e-01
 -8.33980679e-02
 -6.33440847e-02
 -1.42669186e-01
 9.30922221e-02
 1.14608914e-01
 -8.41849661e-02
 -2.37136219e-02
 4.93092837e-02
 -4.93092837e-02
 2.37136219e-02
 8.41849661e-02
 -1.14608914e-01
 -9.30922221e-02
 1.42669186e-01
 -2.12771078e-01
 -1.19370343e-01
 1.15336762e-01
 5.37129056e-02
 -7.96102503e-02
 -4.38588111e-02
 -6.27070749e-15
 4.38588111e-02
 7.96102503e-02
 -5.37129056e-02
 -1.15336762e-01
 1.19370343e-01
 2.12771078e-01
 -6.55472870e-15
 -1.89001101e-15
 6.64825278e-15
 3.12534071e-15
 7.41342588e-17
 8.87383798e-16
 -3.31755694e-15
 -5.27843783e-15
 4.94335508e-16
 4.26334427e-15
 4.99655031e-15
 4.25451981e-15
 -2.18782795e-15
 -4.97854967e-15
 2.12771078e-01
 1.19370343e-01
 -1.15336762e-01
 -5.37129056e-02
 7.96102503e-02
 4.38588111e-02
 2.59175398e-15
 -4.38588111e-02
 -7.96102503e-02
 5.37129056e-02
 1.15336762e-01
 -1.19370343e-01
 -2.12771078e-01
 1.42669186e-01
 -9.30922221e-02
 -1.14608914e-01
 8.41849661e-02
 2.37136219e-02
 -4.93092837e-02
 4.93092837e-02
 -2.37136219e-02
 -8.41849661e-02
 1.14608914e-01
 9.30922221e-02
 -1.42669186e-01
 -6.33440847e-02
 -8.33980679e-02
 1.20207679e-01
 4.84687813e-02
 -1.77608868e-01
 -3.81884855e-15
 1.77608868e-01
 -4.84687813e-02
 -1.20207679e-01
 8.33980679e-02
 6.33440847e-02
 -4.41906936e-02
 9.23188321e-02
 1.21076908e-01
 -1.11882281e-01
 -1.29726133e-01
 1.29726133e-01
 1.11882281e-01
 -1.21076908e-01
 -9.23188321e-02
 4.41906936e-02
 2.07351494e-01
 8.35486845e-02
 -1.56213023e-01
 -1.21274767e-01
 -9.63869210e-03
 9.63869210e-03
 1.21274767e-01
 1.56213023e-01
 -8.35486845e-02
 -2.07351494e-01
 3.10472939e-02
 9.46430602e-02
 -6.14722935e-02
 -5.84366717e-02
 1.01909641e-01
 -2.99001171e-16
 -1.01909641e-01
 5.84366717e-02
 6.14722935e-02
 -9.46430602e-02
 -3.10472939e-02
 -1.46479648e-01
 -1.24184985e-01
 -4.07855865e-02
 1.52116532e-02
 1.62870162e-01
 1.29317306e-01
 -1.29317306e-01
 -1.62870162e-01
 -1.52116532e-02
 4.07855865e-02
 1.24184985e-01
 1.46479648e-01
 1.18552441e-02
 -6.65306218e-02
 2.79004653e-03
 3.18556562e-02
 -1.86811395e-02
 -4.96800088e-03
 3.57512331e-16
 4.96800088e-03
 1.86811395e-02
 -3.18556562e-02
 -2.79004653e-03
 6.65306218e-02
 -1.18552441e-02
 1.23778575e-01
 1.01194858e-01
 8.76882266e-02
 1.14772755e-01
 -4.11620871e-02
 -1.82658579e-01
 -9.58609737e-02
 9.58609737e-02
 1.82658579e-01
 4.11620871e-02
 -1.14772755e-01
 -8.76882266e-02
 -1.01194858e-01
 -1.23778575e-01
 1.18552441e-02
 -6.65306218e-02
 2.79004653e-03
 3.18556562e-02
 -1.86811395e-02
 -4.96800088e-03
 -8.37224175e-17
 4.96800088e-03
 1.86811395e-02
 -3.18556562e-02
 -2.79004653e-03
 6.65306218e-02
 -1.18552441e-02
 -1.46479648e-01
 -1.24184985e-01
 -4.07855865e-02
 1.52116532e-02
 1.62870162e-01
 1.29317306e-01
 -1.29317306e-01
 -1.62870162e-01
 -1.52116532e-02
 4.07855865e-02
 1.24184985e-01
 1.46479648e-01
 3.10472939e-02
 9.46430602e-02
 -6.14722935e-02
 -5.84366717e-02
 1.01909641e-01
 1.73847494e-16
 -1.01909641e-01
 5.84366717e-02
 6.14722935e-02
 -9.46430602e-02
 -3.10472939e-02
 2.07351494e-01
 8.35486845e-02
 -1.56213023e-01
 -1.21274767e-01
 -9.63869210e-03
 9.63869210e-03
 1.21274767e-01
 1.56213023e-01
 -8.35486845e-02
 -2.07351494e-01
 8.38504706e-03
 4.59449898e-02
 -9.69316233e-02
 -9.30597854e-02
 1.20076297e-01
 1.20076297e-01
 -9.30597854e-02
 -9.69316233e-02
 4.59449898e-02
 8.38504706e-03
 -1.08785673e-01
 6.92043202e-02
 5.42111395e-02
 -8.06603494e-02
 -1.31098881e-02
 7.72224949e-02
 -1.31098881e-02
 -8.06603494e-02
 5.42111395e-02
 6.92043202e-02
 -1.08785673e-01
 -1.52869950e-01
 -7.27977861e-03
 6.00452879e-02
 4.35396608e-02
 4.41351966e-02
 -7.76632989e-02
 -7.76632989e-02
 4.41351966e-02
 4.35396608e-02
 6.00452879e-02
 -7.27977861e-03
 -1.52869950e-01
 -1.00692904e-01
 1.00741256e-01
 2.61399404e-02
 -1.40245305e-01
 9.55574454e-02
 6.58318132e-02
 -1.55357076e-01
 6.58318132e-02
 9.55574454e-02
 -1.40245305e-01
 2.61399404e-02
 1.00741256e-01
 -1.00692904e-01
 -1.28303042e-01
 1.04013193e-01
 2.07144737e-01
 -2.00567896e-01
 -1.31150357e-01
 1.90410096e-01
 -4.71208374e-02
 -4.71208374e-02
 1.90410096e-01
 -1.31150357e-01
 -2.00567896e-01
 2.07144737e-01
 1.04013193e-01
 -1.28303042e-01
 -1.00692904e-01
 1.00741256e-01
 2.61399404e-02
 -1.40245305e-01
 9.55574454e-02
 6.58318132e-02
 -1.55357076e-01
 6.58318132e-02
 9.55574454e-02
 -1.40245305e-01
 2.61399404e-02
 1.00741256e-01
 -1.00692904e-01
 -1.52869950e-01
 -7.27977861e-03
 6.00452879e-02
 4.35396608e-02
 4.41351966e-02
 -7.76632989e-02
 -7.76632989e-02
 4.41351966e-02
 4.35396608e-02
 6.00452879e-02
 -7.27977861e-03
 -1.52869950e-01
 -1.08785673e-01
 6.92043202e-02
 5.42111395e-02
 -8.06603494e-02
 -1.31098881e-02
 7.72224949e-02
 -1.31098881e-02
 -8.06603494e-02
 5.42111395e-02
 6.92043202e-02
 -1.08785673e-01
 8.38504706e-03
 4.59449898e-02
 -9.69316233e-02
 -9.30597854e-02
 1.20076297e-01
 1.20076297e-01
 -9.30597854e-02
 -9.69316233e-02
 4.59449898e-02
 8.38504706e-03
 7.90618080e-02
 1.58572068e-01
 1.06098805e-01
 8.42898764e-02
 1.96282558e-01
 1.96282558e-01
 8.42898764e-02
 1.06098805e-01
 1.58572068e-01
 7.90618080e-02
 -6.42382386e-02
 -3.75790865e-02
 -3.37501167e-02
 -1.32948500e-01
 -1.08925135e-01
 -3.07453076e-02
 -1.08925135e-01
 -1.32948500e-01
 -3.37501167e-02
 -3.75790865e-02
 -6.42382386e-02
 7.12731686e-03
 -9.47236403e-02
 -7.18981349e-02
 -4.64727685e-02
 -9.66781185e-02
 -9.83927257e-02
 -9.83927257e-02
 -9.66781185e-02
 -4.64727685e-02
 -7.18981349e-02
 -9.47236403e-02
 7.12731686e-03
 9.96625302e-02
 6.44157133e-02
 3.41747958e-02
 1.26738536e-01
 1.75175725e-01
 1.42162743e-01
 1.21947047e-01
 1.42162743e-01
 1.75175725e-01
 1.26738536e-01
 3.41747958e-02
 6.44157133e-02
 9.96625302e-02
 -8.32761216e-17
 1.92038889e-15
 2.65504166e-15
 -2.22056037e-15
 -2.53771905e-15
 3.32097676e-15
 1.59631565e-15
 -1.15854323e-15
 5.64304337e-16
 -2.63244117e-15
 -1.97713396e-15
 4.23731497e-15
 1.50820854e-15
 -2.40381672e-15
 -9.96625302e-02
 -6.44157133e-02
 -3.41747958e-02
 -1.26738536e-01
 -1.75175725e-01
 -1.42162743e-01
 -1.21947047e-01
 -1.42162743e-01
 -1.75175725e-01
 -1.26738536e-01
 -3.41747958e-02
 -6.44157133e-02
 -9.96625302e-02
 -7.12731686e-03
 9.47236403e-02
 7.18981349e-02
 4.64727685e-02
 9.66781185e-02
 9.83927257e-02
 9.83927257e-02
 9.66781185e-02
 4.64727685e-02
 7.18981349e-02
 9.47236403e-02
 -7.12731686e-03
 6.42382386e-02
 3.75790865e-02
 3.37501167e-02
 1.32948500e-01
 1.08925135e-01
 3.07453076e-02
 1.08925135e-01
 1.32948500e-01
 3.37501167e-02
 3.75790865e-02
 6.42382386e-02
 -7.90618080e-02
 -1.58572068e-01
 -1.06098805e-01
 -8.42898764e-02
 -1.96282558e-01
 -1.96282558e-01
 -8.42898764e-02
 -1.06098805e-01
 -1.58572068e-01
 -7.90618080e-02
 -5.93077806e-02
 -4.95833881e-02
 -6.11736401e-02
 1.09528210e-01
 1.27590341e-01
 -1.27590341e-01
 -1.09528210e-01
 6.11736401e-02
 4.95833881e-02
 5.93077806e-02
 -8.03812532e-02
 9.17806344e-02
 -3.22238483e-03
 -9.61077369e-02
 1.00208359e-01
 1.13337742e-15
 -1.00208359e-01
 9.61077369e-02
 3.22238483e-03
 -9.17806344e-02
 8.03812532e-02
 -1.28990939e-01
 4.47663878e-02
 2.06819357e-01
 -9.38098875e-02
 -1.13407504e-01
 3.69136318e-02
 -3.69136318e-02
 1.13407504e-01
 9.38098875e-02
 -2.06819357e-01
 -4.47663878e-02
 1.28990939e-01
 6.69952390e-02
 -1.14428346e-01
 5.40223986e-02
 3.96189341e-02
 -9.40980924e-02
 7.38788050e-02
 -1.18979087e-15
 -7.38788050e-02
 9.40980924e-02
 -3.96189341e-02
 -5.40223986e-02
 1.14428346e-01
 -6.69952390e-02
 2.55831622e-01
 3.07210707e-02
 -1.41186324e-01
 -8.08878551e-04
 -4.66171198e-02
 7.97537905e-02
 1.38403414e-01
 -1.38403414e-01
 -7.97537905e-02
 4.66171198e-02
 8.08878551e-04
 1.41186324e-01
 -3.07210707e-02
 -2.55831622e-01
 6.69952390e-02
 -1.14428346e-01
 5.40223986e-02
 3.96189341e-02
 -9.40980924e-02
 7.38788050e-02
 1.41676440e-15
 -7.38788050e-02
 9.40980924e-02
 -3.96189341e-02
 -5.40223986e-02
 1.14428346e-01
 -6.69952390e-02
 -1.28990939e-01
 4.47663878e-02
 2.06819357e-01
 -9.38098875e-02
 -1.13407504e-01
 3.69136318e-02
 -3.69136318e-02
 1.13407504e-01
 9.38098875e-02
 -2.06819357e-01
 -4.47663878e-02
 1.28990939e-01
 -8.03812532e-02
 9.17806344e-02
 -3.22238483e-03
 -9.61077369e-02
 1.00208359e-01
 -8.30984966e-17
 -1.00208359e-01
 9.61077369e-02
 3.22238483e-03
 -9.17806344e-02
 8.03812532e-02
 -5.93077806e-02
 -4.95833881e-02
 -6.11736401e-02
 1.09528210e-01
 1.27590341e-01
 -1.27590341e-01
 -1.09528210e-01
 6.11736401e-02
 4.95833881e-02
 5.93077806e-02
 5.62172794e-16
 1.66830043e-01
 1.28015245e-01
 4.03029739e-02
 -1.32413749e-15
 6.63857135e-16
 4.03029739e-02
 -1.03106637e-01
 -2.07133017e-01
 -3.15238107e-16
 -1.66830043e-01
 -1.07988407e-15
 -2.49086077e-02
 -1.03106637e-01
 -5.57097294e-16
 -4.03029739e-02
 9.83153904e-16
 1.28015245e-01
 -2.49086077e-02
 8.27449891e-16
 2.07133017e-01
 -1.28015245e-01
 2.49086077e-02
 -1.75181845e-15
 -2.07133017e-01
 1.12508954e-15
 1.03106637e-01
 -1.28015245e-01
 -4.70608375e-16
 1.66830043e-01
 1.72017451e-15
 2.49086077e-02
 1.03106637e-01
 -4.03029739e-02
 1.03106637e-01
 2.07133017e-01
 -5.58233213e-17
 4.16875120e-16
 2.07133017e-01
 2.49086077e-02
 -1.66830043e-01
 -1.15413460e-15
 1.48431212e-18
 -1.66830043e-01
 -1.28015245e-01
 -4.03029739e-02
 -1.54289721e-15
 -4.06790040e-16
 9.37999869e-16
 3.51345475e-16
 3.64213815e-16
 -8.48139643e-16
 -9.35794332e-16
 1.21896141e-15
 2.71237492e-16
 -3.32919025e-16
 2.74892046e-16
 -1.20133393e-15
 3.82814667e-16
 2.35967518e-15
 4.03029739e-02
 -1.03106637e-01
 -2.07133017e-01
 -2.44121202e-16
 7.75020001e-16
 -2.07133017e-01
 -2.49086077e-02
 1.66830043e-01
 -3.67576077e-16
 9.60536016e-16
 1.66830043e-01
 1.28015245e-01
 4.03029739e-02
 1.28015245e-01
 -2.49086077e-02
 -1.76622433e-15
 2.07133017e-01
 1.05246272e-15
 -1.03106637e-01
 1.28015245e-01
 -1.25335464e-15
 -1.66830043e-01
 1.39074153e-15
 -2.49086077e-02
 -1.03106637e-01
 1.66830043e-01
 -5.89917082e-16
 2.49086077e-02
 1.03106637e-01
 -7.27660939e-16
 4.03029739e-02
 3.92718570e-16
 -1.28015245e-01
 2.49086077e-02
 6.18299355e-16
 -2.07133017e-01
 5.61738869e-16
 -1.66830043e-01
 -1.28015245e-01
 -4.03029739e-02
 -6.09173956e-16
 1.38532720e-15
 -4.03029739e-02
 1.03106637e-01
 2.07133017e-01
 -3.05431190e-17
 -1.18252690e-16
 -1.42857236e-01
 4.51476533e-02
 2.15907673e-01
 1.19465163e-16
 -8.20483475e-16
 2.15907673e-01
 8.82906274e-02
 -7.30504375e-02
 -4.48896345e-16
 1.42857236e-01
 1.21376393e-16
 -1.33438281e-01
 8.82906274e-02
 1.98081243e-16
 -2.15907673e-01
 -3.66683071e-16
 4.51476533e-02
 -1.33438281e-01
 -1.92468925e-16
 7.30504375e-02
 -4.51476533e-02
 1.33438281e-01
 4.32499542e-16
 -7.30504375e-02
 -2.92051867e-16
 -8.82906274e-02
 -4.51476533e-02
 7.51655322e-16
 -1.42857236e-01
 -3.80024330e-16
 1.33438281e-01
 -8.82906274e-02
 -2.15907673e-01
 -8.82906274e-02
 7.30504375e-02
 2.50917151e-16
 -2.47466570e-16
 7.30504375e-02
 1.33438281e-01
 1.42857236e-01
 2.09336141e-17
 -5.19272066e-16
 1.42857236e-01
 -4.51476533e-02
 -2.15907673e-01
 5.20063357e-16
 -2.40086614e-16
 -2.66227428e-16
 3.69512564e-16
 -2.96338414e-16
 9.22840717e-17
 2.13212394e-16
 -7.00927763e-16
 -2.54999747e-16
 3.99043518e-16
 -1.28745855e-16
 -7.71226410e-17
 1.78098717e-16
 -6.13995074e-16
 2.15907673e-01
 8.82906274e-02
 -7.30504375e-02
 -1.52168453e-16
 -5.91411876e-16
 -7.30504375e-02
 -1.33438281e-01
 -1.42857236e-01
 8.23974527e-16
 7.78558788e-16
 -1.42857236e-01
 4.51476533e-02
 2.15907673e-01
 4.51476533e-02
 -1.33438281e-01
 6.18599684e-16
 7.30504375e-02
 -8.59907441e-17
 8.82906274e-02
 4.51476533e-02
 1.52626862e-17
 1.42857236e-01
 -6.92887359e-16
 -1.33438281e-01
 8.82906274e-02
 -1.42857236e-01
 3.49022030e-16
 1.33438281e-01
 -8.82906274e-02
 5.31888753e-16
 2.15907673e-01
 -6.23021374e-16
 -4.51476533e-02
 1.33438281e-01
 -3.94017729e-16
 -7.30504375e-02
 -6.33225178e-16
 1.42857236e-01
 -4.51476533e-02
 -2.15907673e-01
 6.88280566e-16
 -2.27589711e-16
 -2.15907673e-01
 -8.82906274e-02
 7.30504375e-02
 6.42315373e-16
 -1.76242468e-01
 -8.19811540e-02
 -7.59497272e-02
 -1.63292053e-01
 -9.14877641e-02
 9.14877641e-02
 1.63292053e-01
 7.59497272e-02
 8.19811540e-02
 1.76242468e-01
 -6.90077263e-02
 6.42407525e-02
 1.47599581e-01
 6.02904863e-02
 2.67731881e-02
 -3.97068546e-15
 -2.67731881e-02
 -6.02904863e-02
 -1.47599581e-01
 -6.42407525e-02
 6.90077263e-02
 -2.44551947e-02
 1.02490687e-01
 1.08760956e-01
 -2.71147246e-03
 9.72560023e-02
 1.10411332e-01
 -1.10411332e-01
 -9.72560023e-02
 2.71147246e-03
 -1.08760956e-01
 -1.02490687e-01
 2.44551947e-02
 -4.68937141e-02
 1.37368687e-03
 -3.04656369e-02
 -2.27620790e-01
 -1.87620847e-01
 4.07275922e-02
 -8.54312439e-16
 -4.07275922e-02
 1.87620847e-01
 2.27620790e-01
 3.04656369e-02
 -1.37368687e-03
 4.68937141e-02
 2.57218151e-15
 1.38158964e-15
 2.23730958e-15
 2.27987145e-15
 -3.18805368e-15
 -3.05502209e-15
 2.62412742e-15
 3.19549480e-15
 -2.22176775e-15
 -2.98166673e-15
 1.69207131e-15
 1.65418859e-15
 1.71215956e-15
 3.17947998e-15
 4.68937141e-02
 -1.37368687e-03
 3.04656369e-02
 2.27620790e-01
 1.87620847e-01
 -4.07275922e-02
 1.01566610e-15
 4.07275922e-02
 -1.87620847e-01
 -2.27620790e-01
 -3.04656369e-02
 1.37368687e-03
 -4.68937141e-02
 2.44551947e-02
 -1.02490687e-01
 -1.08760956e-01
 2.71147246e-03
 -9.72560023e-02
 -1.10411332e-01
 1.10411332e-01
 9.72560023e-02
 -2.71147246e-03
 1.08760956e-01
 1.02490687e-01
 -2.44551947e-02
 6.90077263e-02
 -6.42407525e-02
 -1.47599581e-01
 -6.02904863e-02
 -2.67731881e-02
 -3.02924894e-15
 2.67731881e-02
 6.02904863e-02
 1.47599581e-01
 6.42407525e-02
 -6.90077263e-02
 1.76242468e-01
 8.19811540e-02
 7.59497272e-02
 1.63292053e-01
 9.14877641e-02
 -9.14877641e-02
 -1.63292053e-01
 -7.59497272e-02
 -8.19811540e-02
 -1.76242468e-01
 2.07027300e-01
 -7.48961208e-02
 -1.70466256e-01
 3.94683951e-02
 5.36957461e-02
 5.36957461e-02
 3.94683951e-02
 -1.70466256e-01
 -7.48961208e-02
 2.07027300e-01
 1.20382965e-01
 4.69085979e-02
 -1.16895476e-01
 7.62448046e-02
 5.81402897e-02
 -1.27340238e-01
 5.81402897e-02
 7.62448046e-02
 -1.16895476e-01
 4.69085979e-02
 1.20382965e-01
 -1.15136895e-01
 -8.50725747e-02
 -2.96109770e-02
 9.96499757e-02
 1.24130818e-01
 -1.40251751e-01
 -1.40251751e-01
 1.24130818e-01
 9.96499757e-02
 -2.96109770e-02
 -8.50725747e-02
 -1.15136895e-01
 -8.84270630e-03
 -7.78528125e-02
 1.73415770e-02
 2.48526415e-02
 -3.42484318e-02
 -4.13580763e-03
 2.68629023e-02
 -4.13580763e-03
 -3.42484318e-02
 2.48526415e-02
 1.73415770e-02
 -7.78528125e-02
 -8.84270630e-03
 1.18480476e-01
 7.05627675e-02
 8.64024378e-02
 8.90207603e-02
 -1.31061271e-01
 -1.28721292e-01
 1.50381961e-01
 1.50381961e-01
 -1.28721292e-01
 -1.31061271e-01
 8.90207603e-02
 8.64024378e-02
 7.05627675e-02
 1.18480476e-01
 -8.84270630e-03
 -7.78528125e-02
 1.73415770e-02
 2.48526415e-02
 -3.42484318e-02
 -4.13580763e-03
 2.68629023e-02
 -4.13580763e-03
 -3.42484318e-02
 2.48526415e-02
 1.73415770e-02
 -7.78528125e-02
 -8.84270630e-03
 -1.15136895e-01
 -8.50725747e-02
 -2.96109770e-02
 9.96499757e-02
 1.24130818e-01
 -1.40251751e-01
 -1.40251751e-01
 1.24130818e-01
 9.96499757e-02
 -2.96109770e-02
 -8.50725747e-02
 -1.15136895e-01
 1.20382965e-01
 4.69085979e-02
 -1.16895476e-01
 7.62448046e-02
 5.81402897e-02
 -1.27340238e-01
 5.81402897e-02
 7.62448046e-02
 -1.16895476e-01
 4.69085979e-02
 1.20382965e-01
 2.07027300e-01
 -7.48961208e-02
 -1.70466256e-01
 3.94683951e-02
 5.36957461e-02
 5.36957461e-02
 3.94683951e-02
 -1.70466256e-01
 -7.48961208e-02
 2.07027300e-01
 1.76314306e-01
 1.44710082e-01
 4.17619880e-02
 -1.34676534e-02
 -1.70156877e-01
 -1.70156877e-01
 -1.34676534e-02
 4.17619880e-02
 1.44710082e-01
 1.76314306e-01
 -5.61511384e-02
 -4.52159466e-02
 -1.37286554e-01
 1.63103918e-02
 1.08773771e-01
 3.30214310e-02
 1.08773771e-01
 1.63103918e-02
 -1.37286554e-01
 -4.52159466e-02
 -5.61511384e-02
 -1.06152791e-01
 -3.87490915e-02
 -9.99529515e-02
 -9.13624462e-02
 9.55904460e-02
 6.54419029e-02
 6.54419029e-02
 9.55904460e-02
 -9.13624462e-02
 -9.99529515e-02
 -3.87490915e-02
 -1.06152791e-01
 -2.99783690e-02
 9.87832680e-02
 1.99163947e-01
 8.88788544e-02
 1.40003636e-02
 -8.96651725e-02
 -1.97074925e-01
 -8.96651725e-02
 1.40003636e-02
 8.88788544e-02
 1.99163947e-01
 9.87832680e-02
 -2.99783690e-02
 1.15433227e-15
 6.76932214e-16
 1.77151859e-16
 -3.85591844e-16
 -4.67651549e-16
 1.06171345e-17
 -6.36163248e-16
 2.92736281e-16
 3.81575637e-16
 -1.88717670e-16
 1.39285251e-16
 -5.66825978e-17
 -1.89514728e-16
 8.98293687e-16
 2.99783690e-02
 -9.87832680e-02
 -1.99163947e-01
 -8.88788544e-02
 -1.40003636e-02
 8.96651725e-02
 1.97074925e-01
 8.96651725e-02
 -1.40003636e-02
 -8.88788544e-02
 -1.99163947e-01
 -9.87832680e-02
 2.99783690e-02
 1.06152791e-01
 3.87490915e-02
 9.99529515e-02
 9.13624462e-02
 -9.55904460e-02
 -6.54419029e-02
 -6.54419029e-02
 -9.55904460e-02
 9.13624462e-02
 9.99529515e-02
 3.87490915e-02
 1.06152791e-01
 5.61511384e-02
 4.52159466e-02
 1.37286554e-01
 -1.63103918e-02
 -1.08773771e-01
 -3.30214310e-02
 -1.08773771e-01
 -1.63103918e-02
 1.37286554e-01
 4.52159466e-02
 5.61511384e-02
 -1.76314306e-01
 -1.44710082e-01
 -4.17619880e-02
 1.34676534e-02
 1.70156877e-01
 1.70156877e-01
 1.34676534e-02
 -4.17619880e-02
 -1.44710082e-01
 -1.76314306e-01
 -5.90391368e-02
 4.18275822e-02
 1.25101892e-01
 -8.79584767e-02
 -1.23084287e-01
 1.23084287e-01
 8.79584767e-02
 -1.25101892e-01
 -4.18275822e-02
 5.90391368e-02
 3.59229700e-02
 -8.49871171e-02
 2.40512667e-02
 3.74136589e-02
 -5.02125392e-02
 -3.95310276e-16
 5.02125392e-02
 -3.74136589e-02
 -2.40512667e-02
 8.49871171e-02
 -3.59229700e-02
 1.50575916e-01
 -2.14649937e-03
 -5.10332522e-02
 -6.53747436e-02
 5.89784807e-02
 1.08495956e-01
 -1.08495956e-01
 -5.89784807e-02
 6.53747436e-02
 5.10332522e-02
 2.14649937e-03
 -1.50575916e-01
 9.89248865e-02
 -1.14244915e-01
 6.35032976e-02
 5.86985307e-02
 -1.36121820e-01
 1.13028618e-01
 -3.32416386e-16
 -1.13028618e-01
 1.36121820e-01
 -5.86985307e-02
 -6.35032976e-02
 1.14244915e-01
 -9.89248865e-02
 1.54684221e-01
 -1.78889767e-01
 -1.45971100e-01
 2.62480984e-01
 -6.62596496e-02
 -1.15756005e-01
 9.82575700e-02
 -9.82575700e-02
 1.15756005e-01
 6.62596496e-02
 -2.62480984e-01
 1.45971100e-01
 1.78889767e-01
 -1.54684221e-01
 9.89248865e-02
 -1.14244915e-01
 6.35032976e-02
 5.86985307e-02
 -1.36121820e-01
 1.13028618e-01
 -2.97931981e-16
 -1.13028618e-01
 1.36121820e-01
 -5.86985307e-02
 -6.35032976e-02
 1.14244915e-01
 -9.89248865e-02
 1.50575916e-01
 -2.14649937e-03
 -5.10332522e-02
 -6.53747436e-02
 5.89784807e-02
 1.08495956e-01
 -1.08495956e-01
 -5.89784807e-02
 6.53747436e-02
 5.10332522e-02
 2.14649937e-03
 -1.50575916e-01
 3.59229700e-02
 -8.49871171e-02
 2.40512667e-02
 3.74136589e-02
 -5.02125392e-02
 -4.49008777e-16
 5.02125392e-02
 -3.74136589e-02
 -2.40512667e-02
 8.49871171e-02
 -3.59229700e-02
 -5.90391368e-02
 4.18275822e-02
 1.25101892e-01
 -8.79584767e-02
 -1.23084287e-01
 1.23084287e-01
 8.79584767e-02
 -1.25101892e-01
 -4.18275822e-02
 5.90391368e-02
 -1.27907570e-01
 -8.68978030e-02
 2.02660197e-01
 8.28372710e-02
 -7.77544671e-02
 7.77544671e-02
 -8.28372710e-02
 -2.02660197e-01
 8.68978030e-02
 1.27907570e-01
 1.30135229e-01
 -5.65605384e-02
 -2.72435401e-02
 5.24135704e-02
 -1.68690802e-01
 8.79964949e-16
 1.68690802e-01
 -5.24135704e-02
 2.72435401e-02
 5.65605384e-02
 -1.30135229e-01
 3.77916765e-02
 1.60231582e-01
 -5.42093583e-02
 -6.02438102e-02
 -2.38598119e-02
 -5.12077394e-02
 5.12077394e-02
 2.38598119e-02
 6.02438102e-02
 5.42093583e-02
 -1.60231582e-01
 -3.77916765e-02
 -2.25183143e-01
 -6.12472106e-02
 2.07802497e-02
 -4.26105003e-02
 8.92345225e-02
 1.36008972e-01
 -4.24749230e-16
 -1.36008972e-01
 -8.92345225e-02
 4.26105003e-02
 -2.07802497e-02
 6.12472106e-02
 2.25183143e-01
 1.66295535e-14
 -2.04218605e-14
 -1.61459353e-14
 3.05531237e-14
 -7.66663957e-15
 -1.38548783e-14
 1.23959161e-14
 -1.09559093e-14
 1.21892059e-14
 7.83867951e-15
 -3.02179396e-14
 1.64241224e-14
 2.06210790e-14
 -1.82181025e-14
 2.25183143e-01
 6.12472106e-02
 -2.07802497e-02
 4.26105003e-02
 -8.92345225e-02
 -1.36008972e-01
 1.72653235e-15
 1.36008972e-01
 8.92345225e-02
 -4.26105003e-02
 2.07802497e-02
 -6.12472106e-02
 -2.25183143e-01
 -3.77916765e-02
 -1.60231582e-01
 5.42093583e-02
 6.02438102e-02
 2.38598119e-02
 5.12077394e-02
 -5.12077394e-02
 -2.38598119e-02
 -6.02438102e-02
 -5.42093583e-02
 1.60231582e-01
 3.77916765e-02
 -1.30135229e-01
 5.65605384e-02
 2.72435401e-02
 -5.24135704e-02
 1.68690802e-01
 9.50441714e-17
 -1.68690802e-01
 5.24135704e-02
 -2.72435401e-02
 -5.65605384e-02
 1.30135229e-01
 1.27907570e-01
 8.68978030e-02
 -2.02660197e-01
 -8.28372710e-02
 7.77544671e-02
 -7.77544671e-02
 8.28372710e-02
 2.02660197e-01
 -8.68978030e-02
 -1.27907570e-01
 5.22059771e-02
 7.36217674e-02
 -2.72190070e-02
 -1.38399144e-01
 1.07757334e-01
 1.07757334e-01
 -1.38399144e-01
 -2.72190070e-02
 7.36217674e-02
 5.22059771e-02
 2.91350586e-02
 -1.01361519e-01
 7.83422351e-02
 -1.42923402e-02
 -6.99449757e-02
 1.03466812e-01
 -6.99449757e-02
 -1.42923402e-02
 7.83422351e-02
 -1.01361519e-01
 2.91350586e-02
 1.76482008e-01
 -1.26547774e-01
 -1.09466350e-01
 1.80811298e-01
 -2.39723980e-02
 -3.64296811e-02
 -3.64296811e-02
 -2.39723980e-02
 1.80811298e-01
 -1.09466350e-01
 -1.26547774e-01
 1.76482008e-01
 2.26592409e-03
 9.98636200e-02
 -9.80350557e-02
 6.38651117e-02
 1.03562785e-02
 -7.11412896e-02
 9.70478771e-02
 -7.11412896e-02
 1.03562785e-02
 6.38651117e-02
 -9.80350557e-02
 9.98636200e-02
 2.26592409e-03
 -2.64679148e-01
 -1.16059186e-02
 6.01098684e-02
 9.55534432e-03
 8.48540482e-03
 -1.57771336e-01
 1.08867868e-01
 1.08867868e-01
 -1.57771336e-01
 8.48540482e-03
 9.55534432e-03
 6.01098684e-02
 -1.16059186e-02
 -2.64679148e-01
 2.26592409e-03
 9.98636200e-02
 -9.80350557e-02
 6.38651117e-02
 1.03562785e-02
 -7.11412896e-02
 9.70478771e-02
 -7.11412896e-02
 1.03562785e-02
 6.38651117e-02
 -9.80350557e-02
 9.98636200e-02
 2.26592409e-03
 1.76482008e-01
 -1.26547774e-01
 -1.09466350e-01
 1.80811298e-01
 -2.39723980e-02
 -3.64296811e-02
 -3.64296811e-02
 -2.39723980e-02
 1.80811298e-01
 -1.09466350e-01
 -1.26547774e-01
 1.76482008e-01
 2.91350586e-02
 -1.01361519e-01
 7.83422351e-02
 -1.42923402e-02
 -6.99449757e-02
 1.03466812e-01
 -6.99449757e-02
 -1.42923402e-02
 7.83422351e-02
 -1.01361519e-01
 2.91350586e-02
 5.22059771e-02
 7.36217674e-02
 -2.72190070e-02
 -1.38399144e-01
 1.07757334e-01
 1.07757334e-01
 -1.38399144e-01
 -2.72190070e-02
 7.36217674e-02
 5.22059771e-02
 7.71866908e-02
 -7.11709489e-02
 8.10907389e-02
 7.99653140e-02
 -1.06950362e-01
 -1.06950362e-01
 7.99653140e-02
 8.10907389e-02
 -7.11709489e-02
 7.71866908e-02
 1.63208012e-01
 -1.01545357e-01
 -4.79648322e-02
 2.91812505e-02
 -1.31722073e-02
 5.33320073e-02
 -1.31722073e-02
 2.91812505e-02
 -4.79648322e-02
 -1.01545357e-01
 1.63208012e-01
 1.14127107e-01
 -1.09873328e-01
 1.12333874e-03
 6.72295575e-02
 -1.70743283e-01
 1.16837700e-01
 1.16837700e-01
 -1.70743283e-01
 6.72295575e-02
 1.12333874e-03
 -1.09873328e-01
 1.14127107e-01
 5.32993103e-02
 -1.20692818e-01
 -4.26854638e-02
 2.34701044e-01
 -5.45792366e-02
 -1.24463940e-01
 1.23816992e-01
 -1.24463940e-01
 -5.45792366e-02
 2.34701044e-01
 -4.26854638e-02
 -1.20692818e-01
 5.32993103e-02
 2.75654506e-15
 1.53162536e-15
 5.06255568e-15
 2.45749272e-15
 -5.39802832e-15
 1.24717533e-15
 6.14828330e-15
 -4.96418503e-15
 -4.30271180e-15
 4.99483105e-15
 -2.42095826e-15
 -4.19198368e-15
 -2.00892615e-15
 -4.69286026e-15
 -5.32993103e-02
 1.20692818e-01
 4.26854638e-02
 -2.34701044e-01
 5.45792366e-02
 1.24463940e-01
 -1.23816992e-01
 1.24463940e-01
 5.45792366e-02
 -2.34701044e-01
 4.26854638e-02
 1.20692818e-01
 -5.32993103e-02
 -1.14127107e-01
 1.09873328e-01
 -1.12333874e-03
 -6.72295575e-02
 1.70743283e-01
 -1.16837700e-01
 -1.16837700e-01
 1.70743283e-01
 -6.72295575e-02
 -1.12333874e-03
 1.09873328e-01
 -1.14127107e-01
 -1.63208012e-01
 1.01545357e-01
 4.79648322e-02
 -2.91812505e-02
 1.31722073e-02
 -5.33320073e-02
 1.31722073e-02
 -2.91812505e-02
 4.79648322e-02
 1.01545357e-01
 -1.63208012e-01
 -7.71866908e-02
 7.11709489e-02
 -8.10907389e-02
 -7.99653140e-02
 1.06950362e-01
 1.06950362e-01
 -7.99653140e-02
 -8.10907389e-02
 7.11709489e-02
 -7.71866908e-02
 -1.27118779e-01
 1.92751465e-01
 2.61640662e-02
 -8.50083584e-02
 3.18827191e-02
 -3.18827191e-02
 8.50083584e-02
 -2.61640662e-02
 -1.92751465e-01
 1.27118779e-01
 -1.98389556e-01
 2.58559187e-02
 4.44423029e-02
 -1.56346718e-01
 1.11820235e-01
 1.18712741e-15
 -1.11820235e-01
 1.56346718e-01
 -4.44423029e-02
 -2.58559187e-02
 1.98389556e-01
 7.21460454e-02
 6.06700269e-02
 2.35322417e-02
 -1.19025376e-01
 4.64735658e-02
 1.45214148e-01
 -1.45214148e-01
 -4.64735658e-02
 1.19025376e-01
 -2.35322417e-02
 -6.06700269e-02
 -7.21460454e-02
 2.96458820e-02
 9.65990541e-02
 -2.93930735e-02
 1.37074748e-02
 4.71217310e-02
 -3.61754890e-02
 5.12029111e-15
 3.61754890e-02
 -4.71217310e-02
 -1.37074748e-02
 2.93930735e-02
 -9.65990541e-02
 -2.96458820e-02
 -1.35760715e-01
 -3.76994651e-02
 -1.10733180e-01
 -7.91007451e-02
 1.54685093e-01
 -6.71598260e-02
 -1.65896026e-01
 1.65896026e-01
 6.71598260e-02
 -1.54685093e-01
 7.91007451e-02
 1.10733180e-01
 3.76994651e-02
 1.35760715e-01
 2.96458820e-02
 9.65990541e-02
 -2.93930735e-02
 1.37074748e-02
 4.71217310e-02
 -3.61754890e-02
 -4.36016304e-15
 3.61754890e-02
 -4.71217310e-02
 -1.37074748e-02
 2.93930735e-02
 -9.65990541e-02
 -2.96458820e-02
 7.21460454e-02
 6.06700269e-02
 2.35322417e-02
 -1.19025376e-01
 4.64735658e-02
 1.45214148e-01
 -1.45214148e-01
 -4.64735658e-02
 1.19025376e-01
 -2.35322417e-02
 -6.06700269e-02
 -7.21460454e-02
 -1.98389556e-01
 2.58559187e-02
 4.44423029e-02
 -1.56346718e-01
 1.11820235e-01
 -2.25789622e-15
 -1.11820235e-01
 1.56346718e-01
 -4.44423029e-02
 -2.58559187e-02
 1.98389556e-01
 -1.27118779e-01
 1.92751465e-01
 2.61640662e-02
 -8.50083584e-02
 3.18827191e-02
 -3.18827191e-02
 8.50083584e-02
 -2.61640662e-02
 -1.92751465e-01
 1.27118779e-01
 -1.71526747e-01
 -3.42837299e-02
 -8.33102974e-03
 1.26349738e-01
 1.58001101e-01
 -1.58001101e-01
 -1.26349738e-01
 8.33102974e-03
 3.42837299e-02
 1.71526747e-01
 -3.31390133e-02
 1.02322927e-01
 8.45104873e-02
 -1.74881398e-01
 -4.96786206e-04
 -1.11955387e-15
 4.96786206e-04
 1.74881398e-01
 -8.45104873e-02
 -1.02322927e-01
 3.31390133e-02
 7.94676785e-02
 -3.52113394e-03
 1.37140707e-01
 -3.91626459e-02
 -1.27287016e-01
 1.79186555e-02
 -1.79186555e-02
 1.27287016e-01
 3.91626459e-02
 -1.37140707e-01
 3.52113394e-03
 -7.94676785e-02
 1.25492373e-01
 -1.05001346e-01
 -1.80074516e-01
 8.02115252e-03
 8.04644077e-02
 1.42056587e-01
 2.21321111e-15
 -1.42056587e-01
 -8.04644077e-02
 -8.02115252e-03
 1.80074516e-01
 1.05001346e-01
 -1.25492373e-01
 -1.69672532e-15
 1.07494668e-15
 -3.22743660e-16
 -1.47518898e-15
 1.48479582e-15
 -1.15653545e-15
 -7.73145588e-16
 5.29320610e-16
 -2.72721541e-16
 -7.96257875e-16
 -3.14535158e-16
 8.75285890e-16
 1.16902453e-15
 -4.00082526e-16
 -1.25492373e-01
 1.05001346e-01
 1.80074516e-01
 -8.02115252e-03
 -8.04644077e-02
 -1.42056587e-01
 -1.83142670e-16
 1.42056587e-01
 8.04644077e-02
 8.02115252e-03
 -1.80074516e-01
 -1.05001346e-01
 1.25492373e-01
 -7.94676785e-02
 3.52113394e-03
 -1.37140707e-01
 3.91626459e-02
 1.27287016e-01
 -1.79186555e-02
 1.79186555e-02
 -1.27287016e-01
 -3.91626459e-02
 1.37140707e-01
 -3.52113394e-03
 7.94676785e-02
 3.31390133e-02
 -1.02322927e-01
 -8.45104873e-02
 1.74881398e-01
 4.96786206e-04
 4.26290633e-16
 -4.96786206e-04
 -1.74881398e-01
 8.45104873e-02
 1.02322927e-01
 -3.31390133e-02
 1.71526747e-01
 3.42837299e-02
 8.33102974e-03
 -1.26349738e-01
 -1.58001101e-01
 1.58001101e-01
 1.26349738e-01
 -8.33102974e-03
 -3.42837299e-02
 -1.71526747e-01
 -1.85758549e-01
 7.17747576e-02
 2.01185214e-01
 -9.93247854e-02
 -2.96404840e-02
 -2.96404840e-02
 -9.93247854e-02
 2.01185214e-01
 7.17747576e-02
 -1.85758549e-01
 7.26415362e-02
 -7.64682032e-02
 3.47872537e-02
 -8.08281924e-02
 -5.43848077e-02
 1.94192185e-01
 -5.43848077e-02
 -8.08281924e-02
 3.47872537e-02
 -7.64682032e-02
 7.26415362e-02
 1.12423730e-01
 1.23231682e-01
 -8.87055941e-02
 -3.96827128e-02
 -1.30142480e-02
 4.85087885e-02
 4.85087885e-02
 -1.30142480e-02
 -3.96827128e-02
 -8.87055941e-02
 1.23231682e-01
 1.12423730e-01
 -1.96420878e-01
 -4.05754961e-02
 -2.43925385e-02
 1.49718853e-02
 1.47304322e-01
 -1.61569530e-02
 -1.76888857e-01
 -1.61569530e-02
 1.47304322e-01
 1.49718853e-02
 -2.43925385e-02
 -4.05754961e-02
 -1.96420878e-01
 4.74156232e-15
 -5.96164950e-15
 -1.74150768e-15
 3.12606823e-15
 -5.77156143e-15
 -1.25304272e-15
 -2.52478804e-15
 -2.01984353e-15
 -1.37584175e-15
 -6.37521597e-15
 2.94515588e-15
 -1.79771422e-15
 -5.51046054e-15
 3.55110768e-15
 1.96420878e-01
 4.05754961e-02
 2.43925385e-02
 -1.49718853e-02
 -1.47304322e-01
 1.61569530e-02
 1.76888857e-01
 1.61569530e-02
 -1.47304322e-01
 -1.49718853e-02
 2.43925385e-02
 4.05754961e-02
 1.96420878e-01
 -1.12423730e-01
 -1.23231682e-01
 8.87055941e-02
 3.96827128e-02
 1.30142480e-02
 -4.85087885e-02
 -4.85087885e-02
 1.30142480e-02
 3.96827128e-02
 8.87055941e-02
 -1.23231682e-01
 -1.12423730e-01
 -7.26415362e-02
 7.64682032e-02
 -3.47872537e-02
 8.08281924e-02
 5.43848077e-02
 -1.94192185e-01
 5.43848077e-02
 8.08281924e-02
 -3.47872537e-02
 7.64682032e-02
 -7.26415362e-02
 1.85758549e-01
 -7.17747576e-02
 -2.01185214e-01
 9.93247854e-02
 2.96404840e-02
 2.96404840e-02
 9.93247854e-02
 -2.01185214e-01
 -7.17747576e-02
 1.85758549e-01
 -5.40012293e-02
 -1.31395071e-01
 -9.59691704e-02
 -1.00847970e-01
 -1.55596452e-01
 -1.55596452e-01
 -1.00847970e-01
 -9.59691704e-02
 -1.31395071e-01
 -5.40012293e-02
 7.30975985e-02
 7.94761695e-02
 1.22025953e-01
 1.47855157e-01
 1.43261946e-01
 1.74205718e-01
 1.43261946e-01
 1.47855157e-01
 1.22025953e-01
 7.94761695e-02
 7.30975985e-02
 -3.45884183e-02
 -1.95546078e-02
 -2.13423360e-02
 -2.64820055e-02
 -9.99759436e-02
 -2.18262921e-02
 -2.18262921e-02
 -9.99759436e-02
 -2.64820055e-02
 -2.13423360e-02
 -1.95546078e-02
 -3.45884183e-02
 -3.87693519e-02
 -1.20843597e-03
 -8.77654724e-02
 -5.93298040e-02
 -7.88470709e-02
 -1.24752253e-01
 -6.23531405e-02
 -1.24752253e-01
 -7.88470709e-02
 -5.93298040e-02
 -8.77654724e-02
 -1.20843597e-03
 -3.87693519e-02
 -4.36598497e-02
 9.46616236e-02
 8.64901623e-02
 4.93656887e-02
 1.88339702e-01
 1.53123271e-01
 1.58805658e-01
 1.58805658e-01
 1.53123271e-01
 1.88339702e-01
 4.93656887e-02
 8.64901623e-02
 9.46616236e-02
 -4.36598497e-02
 -3.87693519e-02
 -1.20843597e-03
 -8.77654724e-02
 -5.93298040e-02
 -7.88470709e-02
 -1.24752253e-01
 -6.23531405e-02
 -1.24752253e-01
 -7.88470709e-02
 -5.93298040e-02
 -8.77654724e-02
 -1.20843597e-03
 -3.87693519e-02
 -3.45884183e-02
 -1.95546078e-02
 -2.13423360e-02
 -2.64820055e-02
 -9.99759436e-02
 -2.18262921e-02
 -2.18262921e-02
 -9.99759436e-02
 -2.64820055e-02
 -2.13423360e-02
 -1.95546078e-02
 -3.45884183e-02
 7.30975985e-02
 7.94761695e-02
 1.22025953e-01
 1.47855157e-01
 1.43261946e-01
 1.74205718e-01
 1.43261946e-01
 1.47855157e-01
 1.22025953e-01
 7.94761695e-02
 7.30975985e-02
 -5.40012293e-02
 -1.31395071e-01
 -9.59691704e-02
 -1.00847970e-01
 -1.55596452e-01
 -1.55596452e-01
 -1.00847970e-01
 -9.59691704e-02
 -1.31395071e-01
 -5.40012293e-02
 -5.86386631e-02
 9.47873832e-02
 -1.39748989e-02
 -1.87902068e-01
 3.25542997e-02
 3.25542997e-02
 -1.87902068e-01
 -1.39748989e-02
 9.47873832e-02
 -5.86386631e-02
 -2.34720842e-02
 -4.44886189e-02
 7.37377746e-02
 2.57703050e-02
 4.16138616e-02
 9.88405965e-02
 4.16138616e-02
 2.57703050e-02
 7.37377746e-02
 -4.44886189e-02
 -2.34720842e-02
 1.17839012e-01
 -3.97345542e-03
 -6.20877976e-02
 -3.37407657e-02
 1.08476405e-01
 -9.67775194e-02
 -9.67775194e-02
 1.08476405e-01
 -3.37407657e-02
 -6.20877976e-02
 -3.97345542e-03
 1.17839012e-01
 7.51840026e-02
 -1.01648790e-01
 1.15676099e-01
 -7.88064048e-02
 -5.16541744e-02
 6.51612778e-02
 -1.73039745e-01
 6.51612778e-02
 -5.16541744e-02
 -7.88064048e-02
 1.15676099e-01
 -1.01648790e-01
 7.51840026e-02
 1.83926560e-01
 -2.34512812e-01
 -2.37094064e-02
 2.17305041e-01
 -1.49445156e-01
 1.11985981e-01
 7.11983334e-02
 7.11983334e-02
 1.11985981e-01
 -1.49445156e-01
 2.17305041e-01
 -2.37094064e-02
 -2.34512812e-01
 1.83926560e-01
 7.51840026e-02
 -1.01648790e-01
 1.15676099e-01
 -7.88064048e-02
 -5.16541744e-02
 6.51612778e-02
 -1.73039745e-01
 6.51612778e-02
 -5.16541744e-02
 -7.88064048e-02
 1.15676099e-01
 -1.01648790e-01
 7.51840026e-02
 1.17839012e-01
 -3.97345542e-03
 -6.20877976e-02
 -3.37407657e-02
 1.08476405e-01
 -9.67775194e-02
 -9.67775194e-02
 1.08476405e-01
 -3.37407657e-02
 -6.20877976e-02
 -3.97345542e-03
 1.17839012e-01
 -2.34720842e-02
 -4.44886189e-02
 7.37377746e-02
 2.57703050e-02
 4.16138616e-02
 9.88405965e-02
 4.16138616e-02
 2.57703050e-02
 7.37377746e-02
 -4.44886189e-02
 -2.34720842e-02
 -5.86386631e-02
 9.47873832e-02
 -1.39748989e-02
 -1.87902068e-01
 3.25542997e-02
 3.25542997e-02
 -1.87902068e-01
 -1.39748989e-02
 9.47873832e-02
 -5.86386631e-02
 -1.59086386e-01
 -1.12771936e-01
 2.42838925e-02
 -8.87414424e-02
 -1.29367734e-01
 1.29367734e-01
 8.87414424e-02
 -2.42838925e-02
 1.12771936e-01
 1.59086386e-01
 6.54913090e-02
 1.27814534e-01
 6.40762175e-02
 1.25143987e-01
 2.48632150e-02
 1.04130851e-15
 -2.48632150e-02
 -1.25143987e-01
 -6.40762175e-02
 -1.27814534e-01
 -6.54913090e-02
 -1.31752242e-01
 1.29870591e-01
 -5.22830291e-02
 -1.44624592e-01
 5.67913797e-02
 2.35873666e-02
 -2.35873666e-02
 -5.67913797e-02
 1.44624592e-01
 5.22830291e-02
 -1.29870591e-01
 1.31752242e-01
 -7.15162204e-02
 -5.71490699e-02
 -1.78655694e-02
 -1.32804073e-01
 1.22884667e-02
 -7.00078021e-02
 -6.63807333e-16
 7.00078021e-02
 -1.22884667e-02
 1.32804073e-01
 1.78655694e-02
 5.71490699e-02
 7.15162204e-02
 1.66214911e-01
 5.88898792e-02
 6.13039924e-02
 6.01056314e-02
 2.09608169e-01
 7.48161592e-02
 -1.32043496e-01
 1.32043496e-01
 -7.48161592e-02
 -2.09608169e-01
 -6.01056314e-02
 -6.13039924e-02
 -5.88898792e-02
 -1.66214911e-01
 -7.15162204e-02
 -5.71490699e-02
 -1.78655694e-02
 -1.32804073e-01
 1.22884667e-02
 -7.00078021e-02
 -2.51956264e-15
 7.00078021e-02
 -1.22884667e-02
 1.32804073e-01
 1.78655694e-02
 5.71490699e-02
 7.15162204e-02
 -1.31752242e-01
 1.29870591e-01
 -5.22830291e-02
 -1.44624592e-01
 5.67913797e-02
 2.35873666e-02
 -2.35873666e-02
 -5.67913797e-02
 1.44624592e-01
 5.22830291e-02
 -1.29870591e-01
 1.31752242e-01
 6.54913090e-02
 1.27814534e-01
 6.40762175e-02
 1.25143987e-01
 2.48632150e-02
 1.15153669e-15
 -2.48632150e-02
 -1.25143987e-01
 -6.40762175e-02
 -1.27814534e-01
 -6.54913090e-02
 -1.59086386e-01
 -1.12771936e-01
 2.42838925e-02
 -8.87414424e-02
 -1.29367734e-01
 1.29367734e-01
 8.87414424e-02
 -2.42838925e-02
 1.12771936e-01
 1.59086386e-01
 -5.63667379e-02
 -5.91505675e-02
 -1.77434190e-01
 -9.60536296e-02
 6.04191917e-02
 -6.04191917e-02
 9.60536296e-02
 1.77434190e-01
 5.91505675e-02
 5.63667379e-02
 3.05020113e-02
 6.11780919e-02
 2.06758934e-01
 5.08434504e-02
 1.21604594e-01
 -2.75934228e-16
 -1.21604594e-01
 -5.08434504e-02
 -2.06758934e-01
 -6.11780919e-02
 -3.05020113e-02
 1.20930826e-01
 -1.43345048e-01
 -1.37047849e-02
 1.89463515e-02
 -1.03164078e-01
 1.77764260e-02
 -1.77764260e-02
 1.03164078e-01
 -1.89463515e-02
 1.37047849e-02
 1.43345048e-01
 -1.20930826e-01
 3.65611987e-02
 6.49203386e-03
 -1.22673010e-01
 -1.29562171e-02
 -1.38711342e-01
 -1.09229574e-02
 1.07211742e-15
 1.09229574e-02
 1.38711342e-01
 1.29562171e-02
 1.22673010e-01
 -6.49203386e-03
 -3.65611987e-02
 -1.78295199e-01
 2.97726827e-02
 7.50067649e-02
 1.59302479e-01
 1.04317407e-01
 8.38305257e-02
 1.46572163e-01
 -1.46572163e-01
 -8.38305257e-02
 -1.04317407e-01
 -1.59302479e-01
 -7.50067649e-02
 -2.97726827e-02
 1.78295199e-01
 3.65611987e-02
 6.49203386e-03
 -1.22673010e-01
 -1.29562171e-02
 -1.38711342e-01
 -1.09229574e-02
 3.01960871e-16
 1.09229574e-02
 1.38711342e-01
 1.29562171e-02
 1.22673010e-01
 -6.49203386e-03
 -3.65611987e-02
 1.20930826e-01
 -1.43345048e-01
 -1.37047849e-02
 1.89463515e-02
 -1.03164078e-01
 1.77764260e-02
 -1.77764260e-02
 1.03164078e-01
 -1.89463515e-02
 1.37047849e-02
 1.43345048e-01
 -1.20930826e-01
 3.05020113e-02
 6.11780919e-02
 2.06758934e-01
 5.08434504e-02
 1.21604594e-01
 -7.58133185e-16
 -1.21604594e-01
 -5.08434504e-02
 -2.06758934e-01
 -6.11780919e-02
 -3.05020113e-02
 -5.63667379e-02
 -5.91505675e-02
 -1.77434190e-01
 -9.60536296e-02
 6.04191917e-02
 -6.04191917e-02
 9.60536296e-02
 1.77434190e-01
 5.91505675e-02
 5.63667379e-02
 -8.56293637e-02
 -1.67563170e-01
 8.00413928e-02
 -3.90740769e-03
 1.14457453e-01
 1.14457453e-01
 -3.90740769e-03
 8.00413928e-02
 -1.67563170e-01
 -8.56293637e-02
 2.26603322e-01
 -1.72685347e-03
 1.19467918e-01
 -1.57050807e-03
 -1.90313038e-01
 3.15452688e-03
 -1.90313038e-01
 -1.57050807e-03
 1.19467918e-01
 -1.72685347e-03
 2.26603322e-01
 -1.70498280e-02
 -4.72637019e-02
 -4.44591900e-02
 5.53162667e-02
 -5.95539617e-02
 7.47998941e-02
 7.47998941e-02
 -5.95539617e-02
 5.53162667e-02
 -4.44591900e-02
 -4.72637019e-02
 -1.70498280e-02
 -6.14518967e-02
 -1.06475962e-01
 -2.52570288e-02
 -7.07792516e-02
 1.98708047e-02
 8.17571363e-02
 4.00905059e-02
 8.17571363e-02
 1.98708047e-02
 -7.07792516e-02
 -2.52570288e-02
 -1.06475962e-01
 -6.14518967e-02
 1.26263028e-01
 3.83936398e-02
 1.83895124e-01
 1.01987973e-01
 -6.00849781e-02
 4.00448954e-02
 -1.69973685e-01
 -1.69973685e-01
 4.00448954e-02
 -6.00849781e-02
 1.01987973e-01
 1.83895124e-01
 3.83936398e-02
 1.26263028e-01
 -6.14518967e-02
 -1.06475962e-01
 -2.52570288e-02
 -7.07792516e-02
 1.98708047e-02
 8.17571363e-02
 4.00905059e-02
 8.17571363e-02
 1.98708047e-02
 -7.07792516e-02
 -2.52570288e-02
 -1.06475962e-01
 -6.14518967e-02
 -1.70498280e-02
 -4.72637019e-02
 -4.44591900e-02
 5.53162667e-02
 -5.95539617e-02
 7.47998941e-02
 7.47998941e-02
 -5.95539617e-02
 5.53162667e-02
 -4.44591900e-02
 -4.72637019e-02
 -1.70498280e-02
 2.26603322e-01
 -1.72685347e-03
 1.19467918e-01
 -1.57050807e-03
 -1.90313038e-01
 3.15452688e-03
 -1.90313038e-01
 -1.57050807e-03
 1.19467918e-01
 -1.72685347e-03
 2.26603322e-01
 -8.56293637e-02
 -1.67563170e-01
 8.00413928e-02
 -3.90740769e-03
 1.14457453e-01
 1.14457453e-01
 -3.90740769e-03
 8.00413928e-02
 -1.67563170e-01
 -8.56293637e-02
 1.30115724e-01
 -9.62623308e-04
 -2.87675537e-02
 -1.58023859e-01
 1.30714291e-01
 1.30714291e-01
 -1.58023859e-01
 -2.87675537e-02
 -9.62623308e-04
 1.30115724e-01
 7.18073764e-02
 -1.63959227e-01
 6.32999375e-02
 1.16273416e-01
 -1.05133832e-01
 3.89005735e-02
 -1.05133832e-01
 1.16273416e-01
 6.32999375e-02
 -1.63959227e-01
 7.18073764e-02
 2.95463381e-03
 -2.04985100e-02
 -1.26428067e-01
 1.58544838e-01
 -1.31280605e-02
 -3.94996318e-02
 -3.94996318e-02
 -1.31280605e-02
 1.58544838e-01
 -1.26428067e-01
 -2.04985100e-02
 2.95463381e-03
 -1.77474145e-01
 1.24050860e-01
 1.06243735e-01
 -5.31552902e-02
 -1.00321085e-01
 -2.04688958e-02
 1.67596895e-01
 -2.04688958e-02
 -1.00321085e-01
 -5.31552902e-02
 1.06243735e-01
 1.24050860e-01
 -1.77474145e-01
 3.41721785e-16
 8.96222127e-16
 2.24246491e-16
 2.52497089e-16
 -2.72095503e-16
 -2.00389630e-15
 -4.52654768e-16
 -1.11810094e-15
 2.79069119e-16
 1.34493453e-15
 1.76333856e-15
 1.26323883e-15
 -8.93214584e-17
 1.59427735e-15
 1.77474145e-01
 -1.24050860e-01
 -1.06243735e-01
 5.31552902e-02
 1.00321085e-01
 2.04688958e-02
 -1.67596895e-01
 2.04688958e-02
 1.00321085e-01
 5.31552902e-02
 -1.06243735e-01
 -1.24050860e-01
 1.77474145e-01
 -2.95463381e-03
 2.04985100e-02
 1.26428067e-01
 -1.58544838e-01
 1.31280605e-02
 3.94996318e-02
 3.94996318e-02
 1.31280605e-02
 -1.58544838e-01
 1.26428067e-01
 2.04985100e-02
 -2.95463381e-03
 -7.18073764e-02
 1.63959227e-01
 -6.32999375e-02
 -1.16273416e-01
 1.05133832e-01
 -3.89005735e-02
 1.05133832e-01
 -1.16273416e-01
 -6.32999375e-02
 1.63959227e-01
 -7.18073764e-02
 -1.30115724e-01
 9.62623308e-04
 2.87675537e-02
 1.58023859e-01
 -1.30714291e-01
 -1.30714291e-01
 1.58023859e-01
 2.87675537e-02
 9.62623308e-04
 -1.30115724e-01
